0 0.1 0.1 0.1 0.1 0.1 0.1 0.1 0.1 0.1 0.1 0
1 0.1 0.1 0.1 0.1 0.1 0.1 0.1 0.1 0.1 0.1 1
2 0.1 0.1 0.1 0.1 0.1 0.1 0.1 0.1 0.1 0.1 0
3 0.1 0.1 0.1 0.1 0.1 0.1 0.1 0.1 0.1 0.1 1
4 0.1 0.1 0.1 0.1 0.1 0.1 0.1 0.1 0.1 0.1 0
5 0.1 0.1 0.1 0.1 0.1 0.1 0.1 0.1 0.1 0.1 1
6 0.1 0.1 0.1 0.1 0.1 0.1 0.1 0.1 0.1 0.1 0
7 0.1 0.1 0.1 0.1 0.1 0.1 0.1 0.1 0.1 0.1 1
8 0.1 0.1 0.1 0.1 0.1 0.1 0.1 0.1 0.1 0.1 0
9 0.1 0.1 0.1 0.1 0.1 0.1 0.1 0.1 0.1 0.1 1
10 0.1 0.1 0.1 0.1 0.1 0.1 0.1 0.1 0.1 0.1 1
11 0.1 0.1 0.1 0.1 0.1 0.1 0.1 0.1 0.1 0.1 1
12 0.1 0.1 0.1 0.1 0.1 0.1 0.1 0.1 0.1 0.1 0
13 0.1 0.1 0.1 0.1 0.1 0.1 0.1 0.1 0.1 0.1 0
14 0.1 0.1 0.1 0.1 0.1 0.1 0.1 0.1 0.1 0.1 0
15 0.1 0.1 0.1 0.1 0.1 0.1 0.1 0.1 0.1 0.1 1
16 0.1 0.1 0.1 0.1 0.1 0.1 0.1 0.1 0.1 0.1 1
17 0.1 0.1 0.1 0.1 0.1 0.1 0.1 0.1 0.1 0.1 1
18 0.1 0.1 0.1 0.1 0.1 0.1 0.1 0.1 0.1 0.1 0
19 0.1 0.1 0.1 0.1 0.1 0.1 0.1 0.1 0.1 0.1 0
20 0.1 0.1 0.1 0.1 0.1 0.1 0.1 0.1 0.1 0.1 0
21 0.1 0.1 0.1 0.1 0.1 0.1 0.1 0.1 0.1 0.1 0
22 0.1 0.1 0.1 0.1 0.1 0.1 0.1 0.1 0.1 0.1 1
23 0.1 0.1 0.1 0.1 0.1 0.1 0.1 0.1 0.1 0.1 0
24 0.1 0.1 0.1 0.1 0.1 0.1 0.1 0.1 0.1 0.1 1
25 0.1 0.1 0.1 0.1 0.1 0.1 0.1 0.1 0.1 0.1 0
26 0.1 0.1 0.1 0.1 0.1 0.1 0.1 0.1 0.1 0.1 1
27 0.1 0.1 0.1 0.1 0.1 0.1 0.1 0.1 0.1 0.1 0
28 0.1 0.1 0.1 0.1 0.1 0.1 0.1 0.1 0.1 0.1 0
29 0.1 0.1 0.1 0.1 0.1 0.1 0.1 0.1 0.1 0.1 0
30 0.1 0.1 0.1 0.1 0.1 0.1 0.1 0.1 0.1 0.1 1
31 0.1 0.1 0.1 0.1 0.1 0.1 0.1 0.1 0.1 0.1 1
32 0.1 0.1 0.1 0.1 0.1 0.1 0.1 0.1 0.1 0.1 0
33 0.1 0.1 0.1 0.1 0.1 0.1 0.1 0.1 0.1 0.1 0
34 0.1 0.1 0.1 0.1 0.1 0.1 0.1 0.1 0.1 0.1 0
35 0.1 0.1 0.1 0.1 0.1 0.1 0.1 0.1 0.1 0.1 0
36 0.1 0.1 0.1 0.1 0.1 0.1 0.1 0.1 0.1 0.1 1
37 0.1 0.1 0.1 0.1 0.1 0.1 0.1 0.1 0.1 0.1 1
38 0.1 0.1 0.1 0.1 0.1 0.1 0.1 0.1 0.1 0.1 1
39 0.1 0.1 0.1 0.1 0.1 0.1 0.1 0.1 0.1 0.1 1
40 0.1 0.1 0.1 0.1 0.1 0.1 0.1 0.1 0.1 0.1 1
41 0.1 0.1 0.1 0.1 0.1 0.1 0.1 0.1 0.1 0.1 0
42 0.1 0.1 0.1 0.1 0.1 0.1 0.1 0.1 0.1 0.1 0
43 0.1 0.1 0.1 0.1 0.1 0.1 0.1 0.1 0.1 0.1 0
44 0.1 0.1 0.1 0.1 0.1 0.1 0.1 0.1 0.1 0.1 1
45 0.1 0.1 0.1 0.1 0.1 0.1 0.1 0.1 0.1 0.1 0
46 0.1 0.1 0.1 0.1 0.1 0.1 0.1 0.1 0.1 0.1 1
47 0.1 0.1 0.1 0.1 0.1 0.1 0.1 0.1 0.1 0.1 0
48 0.1 0.1 0.1 0.1 0.1 0.1 0.1 0.1 0.1 0.1 1
49 0.1 0.1 0.1 0.1 0.1 0.1 0.1 0.1 0.1 0.1 1
50 0.1 0.1 0.1 0.1 0.1 0.1 0.1 0.1 0.1 0.1 0
51 0.1 0.1 0.1 0.1 0.1 0.1 0.1 0.1 0.1 0.1 1
52 0.1 0.1 0.1 0.1 0.1 0.1 0.1 0.1 0.1 0.1 1
53 0.1 0.1 0.1 0.1 0.1 0.1 0.1 0.1 0.1 0.1 1
54 0.1 0.1 0.1 0.1 0.1 0.1 0.1 0.1 0.1 0.1 0
55 0.1 0.1 0.1 0.1 0.1 0.1 0.1 0.1 0.1 0.1 0
56 0.1 0.1 0.1 0.1 0.1 0.1 0.1 0.1 0.1 0.1 1
57 0.1 0.1 0.1 0.1 0.1 0.1 0.1 0.1 0.1 0.1 0
58 0.1 0.1 0.1 0.1 0.1 0.1 0.1 0.1 0.1 0.1 0
59 0.1 0.1 0.1 0.1 0.1 0.1 0.1 0.1 0.1 0.1 0
60 0.1 0.1 0.1 0.1 0.1 0.1 0.1 0.1 0.1 0.1 0
61 0.1 0.1 0.1 0.1 0.1 0.1 0.1 0.1 0.1 0.1 1
62 0.1 0.1 0.1 0.1 0.1 0.1 0.1 0.1 0.1 0.1 0
63 0.1 0.1 0.1 0.1 0.1 0.1 0.1 0.1 0.1 0.1 1
64 0.1 0.1 0.1 0.1 0.1 0.1 0.1 0.1 0.1 0.1 1
65 0.1 0.1 0.1 0.1 0.1 0.1 0.1 0.1 0.1 0.1 0
66 0.1 0.1 0.1 0.1 0.1 0.1 0.1 0.1 0.1 0.1 0
67 0.1 0.1 0.1 0.1 0.1 0.1 0.1 0.1 0.1 0.1 0
68 0.1 0.1 0.1 0.1 0.1 0.1 0.1 0.1 0.1 0.1 1
69 0.1 0.1 0.1 0.1 0.1 0.1 0.1 0.1 0.1 0.1 0
70 0.1 0.1 0.1 0.1 0.1 0.1 0.1 0.1 0.1 0.1 0
71 0.1 0.1 0.1 0.1 0.1 0.1 0.1 0.1 0.1 0.1 1
72 0.1 0.1 0.1 0.1 0.1 0.1 0.1 0.1 0.1 0.1 1
73 0.1 0.1 0.1 0.1 0.1 0.1 0.1 0.1 0.1 0.1 0
74 0.1 0.1 0.1 0.1 0.1 0.1 0.1 0.1 0.1 0.1 0
75 0.1 0.1 0.1 0.1 0.1 0.1 0.1 0.1 0.1 0.1 0
76 0.1 0.1 0.1 0.1 0.1 0.1 0.1 0.1 0.1 0.1 0
77 0.1 0.1 0.1 0.1 0.1 0.1 0.1 0.1 0.1 0.1 0
78 0.1 0.1 0.1 0.1 0.1 0.1 0.1 0.1 0.1 0.1 0
79 0.1 0.1 0.1 0.1 0.1 0.1 0.1 0.1 0.1 0.1 1
80 0.1 0.1 0.1 0.1 0.1 0.1 0.1 0.1 0.1 0.1 0
81 0.1 0.1 0.1 0.1 0.1 0.1 0.1 0.1 0.1 0.1 0
82 0.1 0.1 0.1 0.1 0.1 0.1 0.1 0.1 0.1 0.1 0
83 0.1 0.1 0.1 0.1 0.1 0.1 0.1 0.1 0.1 0.1 1
84 0.1 0.1 0.1 0.1 0.1 0.1 0.1 0.1 0.1 0.1 1
85 0.1 0.1 0.1 0.1 0.1 0.1 0.1 0.1 0.1 0.1 0
86 0.1 0.1 0.1 0.1 0.1 0.1 0.1 0.1 0.1 0.1 0
87 0.1 0.1 0.1 0.1 0.1 0.1 0.1 0.1 0.1 0.1 1
88 0.1 0.1 0.1 0.1 0.1 0.1 0.1 0.1 0.1 0.1 1
89 0.1 0.1 0.1 0.1 0.1 0.1 0.1 0.1 0.1 0.1 0
90 0.1 0.1 0.1 0.1 0.1 0.1 0.1 0.1 0.1 0.1 0
91 0.1 0.1 0.1 0.1 0.1 0.1 0.1 0.1 0.1 0.1 1
92 0.1 0.1 0.1 0.1 0.1 0.1 0.1 0.1 0.1 0.1 0
93 0.1 0.1 0.1 0.1 0.1 0.1 0.1 0.1 0.1 0.1 0
94 0.1 0.1 0.1 0.1 0.1 0.1 0.1 0.1 0.1 0.1 1
95 0.1 0.1 0.1 0.1 0.1 0.1 0.1 0.1 0.1 0.1 1
96 0.1 0.1 0.1 0.1 0.1 0.1 0.1 0.1 0.1 0.1 1
97 0.1 0.1 0.1 0.1 0.1 0.1 0.1 0.1 0.1 0.1 0
98 0.1 0.1 0.1 0.1 0.1 0.1 0.1 0.1 0.1 0.1 1
99 0.1 0.1 0.1 0.1 0.1 0.1 0.1 0.1 0.1 0.1 1
100 0.1 0.1 0.1 0.1 0.1 0.1 0.1 0.1 0.1 0.1 0
101 0.1 0.1 0.1 0.1 0.1 0.1 0.1 0.1 0.1 0.1 0
102 0.1 0.1 0.1 0.1 0.1 0.1 0.1 0.1 0.1 0.1 0
103 0.1 0.1 0.1 0.1 0.1 0.1 0.1 0.1 0.1 0.1 0
104 0.1 0.1 0.1 0.1 0.1 0.1 0.1 0.1 0.1 0.1 0
105 0.1 0.1 0.1 0.1 0.1 0.1 0.1 0.1 0.1 0.1 0
106 0.1 0.1 0.1 0.1 0.1 0.1 0.1 0.1 0.1 0.1 0
107 0.1 0.1 0.1 0.1 0.1 0.1 0.1 0.1 0.1 0.1 0
108 0.1 0.1 0.1 0.1 0.1 0.1 0.1 0.1 0.1 0.1 0
109 0.1 0.1 0.1 0.1 0.1 0.1 0.1 0.1 0.1 0.1 0
110 0.1 0.1 0.1 0.1 0.1 0.1 0.1 0.1 0.1 0.1 0
111 0.1 0.1 0.1 0.1 0.1 0.1 0.1 0.1 0.1 0.1 0
112 0.1 0.1 0.1 0.1 0.1 0.1 0.1 0.1 0.1 0.1 0
113 0.1 0.1 0.1 0.1 0.1 0.1 0.1 0.1 0.1 0.1 0
114 0.1 0.1 0.1 0.1 0.1 0.1 0.1 0.1 0.1 0.1 0
115 0.1 0.1 0.1 0.1 0.1 0.1 0.1 0.1 0.1 0.1 1
116 0.1 0.1 0.1 0.1 0.1 0.1 0.1 0.1 0.1 0.1 0
117 0.1 0.1 0.1 0.1 0.1 0.1 0.1 0.1 0.1 0.1 0
118 0.1 0.1 0.1 0.1 0.1 0.1 0.1 0.1 0.1 0.1 0
119 0.1 0.1 0.1 0.1 0.1 0.1 0.1 0.1 0.1 0.1 1
120 0.1 0.1 0.1 0.1 0.1 0.1 0.1 0.1 0.1 0.1 0
121 0.1 0.1 0.1 0.1 0.1 0.1 0.1 0.1 0.1 0.1 0
122 0.1 0.1 0.1 0.1 0.1 0.1 0.1 0.1 0.1 0.1 1
123 0.1 0.1 0.1 0.1 0.1 0.1 0.1 0.1 0.1 0.1 1
124 0.1 0.1 0.1 0.1 0.1 0.1 0.1 0.1 0.1 0.1 0
125 0.1 0.1 0.1 0.1 0.1 0.1 0.1 0.1 0.1 0.1 1
126 0.1 0.1 0.1 0.1 0.1 0.1 0.1 0.1 0.1 0.1 0
127 0.1 0.1 0.1 0.1 0.1 0.1 0.1 0.1 0.1 0.1 1
128 0.1 0.1 0.1 0.1 0.1 0.1 0.1 0.1 0.1 0.1 0
129 0.1 0.1 0.1 0.1 0.1 0.1 0.1 0.1 0.1 0.1 0
130 0.1 0.1 0.1 0.1 0.1 0.1 0.1 0.1 0.1 0.1 0
131 0.1 0.1 0.1 0.1 0.1 0.1 0.1 0.1 0.1 0.1 1
132 0.1 0.1 0.1 0.1 0.1 0.1 0.1 0.1 0.1 0.1 0
133 0.1 0.1 0.1 0.1 0.1 0.1 0.1 0.1 0.1 0.1 0
134 0.1 0.1 0.1 0.1 0.1 0.1 0.1 0.1 0.1 0.1 0
135 0.1 0.1 0.1 0.1 0.1 0.1 0.1 0.1 0.1 0.1 1
136 0.1 0.1 0.1 0.1 0.1 0.1 0.1 0.1 0.1 0.1 1
137 0.1 0.1 0.1 0.1 0.1 0.1 0.1 0.1 0.1 0.1 0
138 0.1 0.1 0.1 0.1 0.1 0.1 0.1 0.1 0.1 0.1 1
139 0.1 0.1 0.1 0.1 0.1 0.1 0.1 0.1 0.1 0.1 1
140 0.1 0.1 0.1 0.1 0.1 0.1 0.1 0.1 0.1 0.1 0
141 0.1 0.1 0.1 0.1 0.1 0.1 0.1 0.1 0.1 0.1 0
142 0.1 0.1 0.1 0.1 0.1 0.1 0.1 0.1 0.1 0.1 0
143 0.1 0.1 0.1 0.1 0.1 0.1 0.1 0.1 0.1 0.1 0
144 0.1 0.1 0.1 0.1 0.1 0.1 0.1 0.1 0.1 0.1 1
145 0.1 0.1 0.1 0.1 0.1 0.1 0.1 0.1 0.1 0.1 0
146 0.1 0.1 0.1 0.1 0.1 0.1 0.1 0.1 0.1 0.1 0
147 0.1 0.1 0.1 0.1 0.1 0.1 0.1 0.1 0.1 0.1 0
148 0.1 0.1 0.1 0.1 0.1 0.1 0.1 0.1 0.1 0.1 0
149 0.1 0.1 0.1 0.1 0.1 0.1 0.1 0.1 0.1 0.1 0
150 0.1 0.1 0.1 0.1 0.1 0.1 0.1 0.1 0.1 0.1 0
151 0.1 0.1 0.1 0.1 0.1 0.1 0.1 0.1 0.1 0.1 0
152 0.1 0.1 0.1 0.1 0.1 0.1 0.1 0.1 0.1 0.1 1
153 0.1 0.1 0.1 0.1 0.1 0.1 0.1 0.1 0.1 0.1 0
154 0.1 0.1 0.1 0.1 0.1 0.1 0.1 0.1 0.1 0.1 0
155 0.1 0.1 0.1 0.1 0.1 0.1 0.1 0.1 0.1 0.1 1
156 0.1 0.1 0.1 0.1 0.1 0.1 0.1 0.1 0.1 0.1 0
157 0.1 0.1 0.1 0.1 0.1 0.1 0.1 0.1 0.1 0.1 0
158 0.1 0.1 0.1 0.1 0.1 0.1 0.1 0.1 0.1 0.1 0
159 0.1 0.1 0.1 0.1 0.1 0.1 0.1 0.1 0.1 0.1 0
160 0.1 0.1 0.1 0.1 0.1 0.1 0.1 0.1 0.1 0.1 0
161 0.1 0.1 0.1 0.1 0.1 0.1 0.1 0.1 0.1 0.1 0
162 0.1 0.1 0.1 0.1 0.1 0.1 0.1 0.1 0.1 0.1 0
163 0.1 0.1 0.1 0.1 0.1 0.1 0.1 0.1 0.1 0.1 0
164 0.1 0.1 0.1 0.1 0.1 0.1 0.1 0.1 0.1 0.1 1
165 0.1 0.1 0.1 0.1 0.1 0.1 0.1 0.1 0.1 0.1 1
166 0.1 0.1 0.1 0.1 0.1 0.1 0.1 0.1 0.1 0.1 0
167 0.1 0.1 0.1 0.1 0.1 0.1 0.1 0.1 0.1 0.1 1
168 0.1 0.1 0.1 0.1 0.1 0.1 0.1 0.1 0.1 0.1 0
169 0.1 0.1 0.1 0.1 0.1 0.1 0.1 0.1 0.1 0.1 0
170 0.1 0.1 0.1 0.1 0.1 0.1 0.1 0.1 0.1 0.1 0
171 0.1 0.1 0.1 0.1 0.1 0.1 0.1 0.1 0.1 0.1 0
172 0.1 0.1 0.1 0.1 0.1 0.1 0.1 0.1 0.1 0.1 0
173 0.1 0.1 0.1 0.1 0.1 0.1 0.1 0.1 0.1 0.1 0
174 0.1 0.1 0.1 0.1 0.1 0.1 0.1 0.1 0.1 0.1 0
175 0.1 0.1 0.1 0.1 0.1 0.1 0.1 0.1 0.1 0.1 1
176 0.1 0.1 0.1 0.1 0.1 0.1 0.1 0.1 0.1 0.1 0
177 0.1 0.1 0.1 0.1 0.1 0.1 0.1 0.1 0.1 0.1 0
178 0.1 0.1 0.1 0.1 0.1 0.1 0.1 0.1 0.1 0.1 0
179 0.1 0.1 0.1 0.1 0.1 0.1 0.1 0.1 0.1 0.1 1
180 0.1 0.1 0.1 0.1 0.1 0.1 0.1 0.1 0.1 0.1 1
181 0.1 0.1 0.1 0.1 0.1 0.1 0.1 0.1 0.1 0.1 1
182 0.1 0.1 0.1 0.1 0.1 0.1 0.1 0.1 0.1 0.1 1
183 0.1 0.1 0.1 0.1 0.1 0.1 0.1 0.1 0.1 0.1 1
184 0.1 0.1 0.1 0.1 0.1 0.1 0.1 0.1 0.1 0.1 0
185 0.1 0.1 0.1 0.1 0.1 0.1 0.1 0.1 0.1 0.1 1
186 0.1 0.1 0.1 0.1 0.1 0.1 0.1 0.1 0.1 0.1 1
187 0.1 0.1 0.1 0.1 0.1 0.1 0.1 0.1 0.1 0.1 0
188 0.1 0.1 0.1 0.1 0.1 0.1 0.1 0.1 0.1 0.1 1
189 0.1 0.1 0.1 0.1 0.1 0.1 0.1 0.1 0.1 0.1 0
190 0.1 0.1 0.1 0.1 0.1 0.1 0.1 0.1 0.1 0.1 1
191 0.1 0.1 0.1 0.1 0.1 0.1 0.1 0.1 0.1 0.1 1
192 0.1 0.1 0.1 0.1 0.1 0.1 0.1 0.1 0.1 0.1 1
193 0.1 0.1 0.1 0.1 0.1 0.1 0.1 0.1 0.1 0.1 0
194 0.1 0.1 0.1 0.1 0.1 0.1 0.1 0.1 0.1 0.1 1
195 0.1 0.1 0.1 0.1 0.1 0.1 0.1 0.1 0.1 0.1 1
196 0.1 0.1 0.1 0.1 0.1 0.1 0.1 0.1 0.1 0.1 0
197 0.1 0.1 0.1 0.1 0.1 0.1 0.1 0.1 0.1 0.1 0
198 0.1 0.1 0.1 0.1 0.1 0.1 0.1 0.1 0.1 0.1 0
199 0.1 0.1 0.1 0.1 0.1 0.1 0.1 0.1 0.1 0.1 0
200 0.1 0.1 0.1 0.1 0.1 0.1 0.1 0.1 0.1 0.1 0
201 0.1 0.1 0.1 0.1 0.1 0.1 0.1 0.1 0.1 0.1 0
202 0.1 0.1 0.1 0.1 0.1 0.1 0.1 0.1 0.1 0.1 0
203 0.1 0.1 0.1 0.1 0.1 0.1 0.1 0.1 0.1 0.1 0
204 0.1 0.1 0.1 0.1 0.1 0.1 0.1 0.1 0.1 0.1 0
205 0.1 0.1 0.1 0.1 0.1 0.1 0.1 0.1 0.1 0.1 1
206 0.1 0.1 0.1 0.1 0.1 0.1 0.1 0.1 0.1 0.1 1
207 0.1 0.1 0.1 0.1 0.1 0.1 0.1 0.1 0.1 0.1 1
208 0.1 0.1 0.1 0.1 0.1 0.1 0.1 0.1 0.1 0.1 0
209 0.1 0.1 0.1 0.1 0.1 0.1 0.1 0.1 0.1 0.1 0
210 0.1 0.1 0.1 0.1 0.1 0.1 0.1 0.1 0.1 0.1 0
211 0.1 0.1 0.1 0.1 0.1 0.1 0.1 0.1 0.1 0.1 0
212 0.1 0.1 0.1 0.1 0.1 0.1 0.1 0.1 0.1 0.1 0
213 0.1 0.1 0.1 0.1 0.1 0.1 0.1 0.1 0.1 0.1 0
214 0.1 0.1 0.1 0.1 0.1 0.1 0.1 0.1 0.1 0.1 0
215 0.1 0.1 0.1 0.1 0.1 0.1 0.1 0.1 0.1 0.1 0
216 0.1 0.1 0.1 0.1 0.1 0.1 0.1 0.1 0.1 0.1 0
217 0.1 0.1 0.1 0.1 0.1 0.1 0.1 0.1 0.1 0.1 0
218 0.1 0.1 0.1 0.1 0.1 0.1 0.1 0.1 0.1 0.1 0
219 0.1 0.1 0.1 0.1 0.1 0.1 0.1 0.1 0.1 0.1 0
220 0.1 0.1 0.1 0.1 0.1 0.1 0.1 0.1 0.1 0.1 1
221 0.1 0.1 0.1 0.1 0.1 0.1 0.1 0.1 0.1 0.1 0
222 0.1 0.1 0.1 0.1 0.1 0.1 0.1 0.1 0.1 0.1 1
223 0.1 0.1 0.1 0.1 0.1 0.1 0.1 0.1 0.1 0.1 0
224 0.1 0.1 0.1 0.1 0.1 0.1 0.1 0.1 0.1 0.1 0
225 0.1 0.1 0.1 0.1 0.1 0.1 0.1 0.1 0.1 0.1 0
226 0.1 0.1 0.1 0.1 0.1 0.1 0.1 0.1 0.1 0.1 0
227 0.1 0.1 0.1 0.1 0.1 0.1 0.1 0.1 0.1 0.1 0
228 0.1 0.1 0.1 0.1 0.1 0.1 0.1 0.1 0.1 0.1 0
229 0.1 0.1 0.1 0.1 0.1 0.1 0.1 0.1 0.1 0.1 0
230 0.1 0.1 0.1 0.1 0.1 0.1 0.1 0.1 0.1 0.1 1
231 0.1 0.1 0.1 0.1 0.1 0.1 0.1 0.1 0.1 0.1 1
232 0.1 0.1 0.1 0.1 0.1 0.1 0.1 0.1 0.1 0.1 0
233 0.1 0.1 0.1 0.1 0.1 0.1 0.1 0.1 0.1 0.1 1
234 0.1 0.1 0.1 0.1 0.1 0.1 0.1 0.1 0.1 0.1 1
235 0.1 0.1 0.1 0.1 0.1 0.1 0.1 0.1 0.1 0.1 0
236 0.1 0.1 0.1 0.1 0.1 0.1 0.1 0.1 0.1 0.1 1
237 0.1 0.1 0.1 0.1 0.1 0.1 0.1 0.1 0.1 0.1 1
238 0.1 0.1 0.1 0.1 0.1 0.1 0.1 0.1 0.1 0.1 1
239 0.1 0.1 0.1 0.1 0.1 0.1 0.1 0.1 0.1 0.1 0
240 0.1 0.1 0.1 0.1 0.1 0.1 0.1 0.1 0.1 0.1 0
241 0.1 0.1 0.1 0.1 0.1 0.1 0.1 0.1 0.1 0.1 1
242 0.1 0.1 0.1 0.1 0.1 0.1 0.1 0.1 0.1 0.1 0
243 0.1 0.1 0.1 0.1 0.1 0.1 0.1 0.1 0.1 0.1 1
244 0.1 0.1 0.1 0.1 0.1 0.1 0.1 0.1 0.1 0.1 0
245 0.1 0.1 0.1 0.1 0.1 0.1 0.1 0.1 0.1 0.1 1
246 0.1 0.1 0.1 0.1 0.1 0.1 0.1 0.1 0.1 0.1 0
247 0.1 0.1 0.1 0.1 0.1 0.1 0.1 0.1 0.1 0.1 1
248 0.1 0.1 0.1 0.1 0.1 0.1 0.1 0.1 0.1 0.1 0
249 0.1 0.1 0.1 0.1 0.1 0.1 0.1 0.1 0.1 0.1 1
250 0.1 0.1 0.1 0.1 0.1 0.1 0.1 0.1 0.1 0.1 0
251 0.1 0.1 0.1 0.1 0.1 0.1 0.1 0.1 0.1 0.1 0
252 0.1 0.1 0.1 0.1 0.1 0.1 0.1 0.1 0.1 0.1 1
253 0.1 0.1 0.1 0.1 0.1 0.1 0.1 0.1 0.1 0.1 0
254 0.1 0.1 0.1 0.1 0.1 0.1 0.1 0.1 0.1 0.1 0
255 0.1 0.1 0.1 0.1 0.1 0.1 0.1 0.1 0.1 0.1 1
256 0.1 0.1 0.1 0.1 0.1 0.1 0.1 0.1 0.1 0.1 0
257 0.1 0.1 0.1 0.1 0.1 0.1 0.1 0.1 0.1 0.1 0
258 0.1 0.1 0.1 0.1 0.1 0.1 0.1 0.1 0.1 0.1 1
259 0.1 0.1 0.1 0.1 0.1 0.1 0.1 0.1 0.1 0.1 1
260 0.1 0.1 0.1 0.1 0.1 0.1 0.1 0.1 0.1 0.1 0
261 0.1 0.1 0.1 0.1 0.1 0.1 0.1 0.1 0.1 0.1 1
262 0.1 0.1 0.1 0.1 0.1 0.1 0.1 0.1 0.1 0.1 0
263 0.1 0.1 0.1 0.1 0.1 0.1 0.1 0.1 0.1 0.1 1
264 0.1 0.1 0.1 0.1 0.1 0.1 0.1 0.1 0.1 0.1 1
265 0.1 0.1 0.1 0.1 0.1 0.1 0.1 0.1 0.1 0.1 0
266 0.1 0.1 0.1 0.1 0.1 0.1 0.1 0.1 0.1 0.1 0
267 0.1 0.1 0.1 0.1 0.1 0.1 0.1 0.1 0.1 0.1 1
268 0.1 0.1 0.1 0.1 0.1 0.1 0.1 0.1 0.1 0.1 1
269 0.1 0.1 0.1 0.1 0.1 0.1 0.1 0.1 0.1 0.1 0
270 0.1 0.1 0.1 0.1 0.1 0.1 0.1 0.1 0.1 0.1 1
271 0.1 0.1 0.1 0.1 0.1 0.1 0.1 0.1 0.1 0.1 0
272 0.1 0.1 0.1 0.1 0.1 0.1 0.1 0.1 0.1 0.1 0
273 0.1 0.1 0.1 0.1 0.1 0.1 0.1 0.1 0.1 0.1 1
274 0.1 0.1 0.1 0.1 0.1 0.1 0.1 0.1 0.1 0.1 0
275 0.1 0.1 0.1 0.1 0.1 0.1 0.1 0.1 0.1 0.1 1
276 0.1 0.1 0.1 0.1 0.1 0.1 0.1 0.1 0.1 0.1 0
277 0.1 0.1 0.1 0.1 0.1 0.1 0.1 0.1 0.1 0.1 0
278 0.1 0.1 0.1 0.1 0.1 0.1 0.1 0.1 0.1 0.1 0
279 0.1 0.1 0.1 0.1 0.1 0.1 0.1 0.1 0.1 0.1 0
280 0.1 0.1 0.1 0.1 0.1 0.1 0.1 0.1 0.1 0.1 0
281 0.1 0.1 0.1 0.1 0.1 0.1 0.1 0.1 0.1 0.1 0
282 0.1 0.1 0.1 0.1 0.1 0.1 0.1 0.1 0.1 0.1 0
283 0.1 0.1 0.1 0.1 0.1 0.1 0.1 0.1 0.1 0.1 1
284 0.1 0.1 0.1 0.1 0.1 0.1 0.1 0.1 0.1 0.1 0
285 0.1 0.1 0.1 0.1 0.1 0.1 0.1 0.1 0.1 0.1 0
286 0.1 0.1 0.1 0.1 0.1 0.1 0.1 0.1 0.1 0.1 1
287 0.1 0.1 0.1 0.1 0.1 0.1 0.1 0.1 0.1 0.1 1
288 0.1 0.1 0.1 0.1 0.1 0.1 0.1 0.1 0.1 0.1 0
289 0.1 0.1 0.1 0.1 0.1 0.1 0.1 0.1 0.1 0.1 0
290 0.1 0.1 0.1 0.1 0.1 0.1 0.1 0.1 0.1 0.1 0
291 0.1 0.1 0.1 0.1 0.1 0.1 0.1 0.1 0.1 0.1 0
292 0.1 0.1 0.1 0.1 0.1 0.1 0.1 0.1 0.1 0.1 1
293 0.1 0.1 0.1 0.1 0.1 0.1 0.1 0.1 0.1 0.1 1
294 0.1 0.1 0.1 0.1 0.1 0.1 0.1 0.1 0.1 0.1 0
295 0.1 0.1 0.1 0.1 0.1 0.1 0.1 0.1 0.1 0.1 0
296 0.1 0.1 0.1 0.1 0.1 0.1 0.1 0.1 0.1 0.1 1
297 0.1 0.1 0.1 0.1 0.1 0.1 0.1 0.1 0.1 0.1 0
298 0.1 0.1 0.1 0.1 0.1 0.1 0.1 0.1 0.1 0.1 0
299 0.1 0.1 0.1 0.1 0.1 0.1 0.1 0.1 0.1 0.1 1
300 0.1 0.1 0.1 0.1 0.1 0.1 0.1 0.1 0.1 0.1 1
301 0.1 0.1 0.1 0.1 0.1 0.1 0.1 0.1 0.1 0.1 1
302 0.1 0.1 0.1 0.1 0.1 0.1 0.1 0.1 0.1 0.1 0
303 0.1 0.1 0.1 0.1 0.1 0.1 0.1 0.1 0.1 0.1 0
304 0.1 0.1 0.1 0.1 0.1 0.1 0.1 0.1 0.1 0.1 0
305 0.1 0.1 0.1 0.1 0.1 0.1 0.1 0.1 0.1 0.1 0
306 0.1 0.1 0.1 0.1 0.1 0.1 0.1 0.1 0.1 0.1 0
307 0.1 0.1 0.1 0.1 0.1 0.1 0.1 0.1 0.1 0.1 1
308 0.1 0.1 0.1 0.1 0.1 0.1 0.1 0.1 0.1 0.1 0
309 0.1 0.1 0.1 0.1 0.1 0.1 0.1 0.1 0.1 0.1 0
310 0.1 0.1 0.1 0.1 0.1 0.1 0.1 0.1 0.1 0.1 0
311 0.1 0.1 0.1 0.1 0.1 0.1 0.1 0.1 0.1 0.1 0
312 0.1 0.1 0.1 0.1 0.1 0.1 0.1 0.1 0.1 0.1 1
313 0.1 0.1 0.1 0.1 0.1 0.1 0.1 0.1 0.1 0.1 0
314 0.1 0.1 0.1 0.1 0.1 0.1 0.1 0.1 0.1 0.1 0
315 0.1 0.1 0.1 0.1 0.1 0.1 0.1 0.1 0.1 0.1 0
316 0.1 0.1 0.1 0.1 0.1 0.1 0.1 0.1 0.1 0.1 0
317 0.1 0.1 0.1 0.1 0.1 0.1 0.1 0.1 0.1 0.1 0
318 0.1 0.1 0.1 0.1 0.1 0.1 0.1 0.1 0.1 0.1 0
319 0.1 0.1 0.1 0.1 0.1 0.1 0.1 0.1 0.1 0.1 0
320 0.1 0.1 0.1 0.1 0.1 0.1 0.1 0.1 0.1 0.1 1
321 0.1 0.1 0.1 0.1 0.1 0.1 0.1 0.1 0.1 0.1 1
322 0.1 0.1 0.1 0.1 0.1 0.1 0.1 0.1 0.1 0.1 0
323 0.1 0.1 0.1 0.1 0.1 0.1 0.1 0.1 0.1 0.1 1
324 0.1 0.1 0.1 0.1 0.1 0.1 0.1 0.1 0.1 0.1 0
325 0.1 0.1 0.1 0.1 0.1 0.1 0.1 0.1 0.1 0.1 1
326 0.1 0.1 0.1 0.1 0.1 0.1 0.1 0.1 0.1 0.1 1
327 0.1 0.1 0.1 0.1 0.1 0.1 0.1 0.1 0.1 0.1 1
328 0.1 0.1 0.1 0.1 0.1 0.1 0.1 0.1 0.1 0.1 1
329 0.1 0.1 0.1 0.1 0.1 0.1 0.1 0.1 0.1 0.1 1
330 0.1 0.1 0.1 0.1 0.1 0.1 0.1 0.1 0.1 0.1 1
331 0.1 0.1 0.1 0.1 0.1 0.1 0.1 0.1 0.1 0.1 0
332 0.1 0.1 0.1 0.1 0.1 0.1 0.1 0.1 0.1 0.1 0
333 0.1 0.1 0.1 0.1 0.1 0.1 0.1 0.1 0.1 0.1 1
334 0.1 0.1 0.1 0.1 0.1 0.1 0.1 0.1 0.1 0.1 0
335 0.1 0.1 0.1 0.1 0.1 0.1 0.1 0.1 0.1 0.1 0
336 0.1 0.1 0.1 0.1 0.1 0.1 0.1 0.1 0.1 0.1 1
337 0.1 0.1 0.1 0.1 0.1 0.1 0.1 0.1 0.1 0.1 0
338 0.1 0.1 0.1 0.1 0.1 0.1 0.1 0.1 0.1 0.1 1
339 0.1 0.1 0.1 0.1 0.1 0.1 0.1 0.1 0.1 0.1 0
