0 60
0 71
0 83
0 87
0 167
0 296
1 26
1 39
1 89
1 133
1 173
1 179
1 183
1 249
2 10
2 37
2 214
2 220
2 252
2 285
3 24
3 36
3 83
3 85
3 203
3 220
3 222
3 273
3 299
4 30
4 62
4 75
4 88
4 89
4 120
4 185
4 234
4 265
4 270
4 272
4 281
5 79
5 99
5 187
5 198
5 210
5 253
5 290
6 9
6 41
6 106
6 108
6 131
6 217
6 266
6 320
6 325
7 86
7 110
7 139
7 258
7 264
8 65
8 125
8 178
8 192
8 278
9 6
9 40
9 54
9 59
9 105
9 162
9 174
9 186
9 246
9 313
10 2
10 74
10 131
10 138
10 206
10 242
10 276
11 17
11 32
11 36
11 49
11 119
11 131
11 137
11 250
11 251
11 305
11 327
12 25
12 105
12 291
12 339
13 25
13 119
13 170
13 258
13 279
13 307
14 95
14 109
14 122
14 195
14 212
14 295
14 334
15 21
15 34
15 62
15 140
15 165
15 214
15 224
15 317
16 41
16 91
16 113
16 152
16 198
16 220
16 227
16 230
16 238
16 278
16 299
17 11
17 49
17 53
17 64
17 78
17 84
17 114
17 170
17 172
17 182
17 274
17 294
18 31
18 98
18 103
18 255
18 299
18 339
19 192
19 300
19 301
20 119
20 192
20 326
21 15
21 60
21 200
21 256
22 29
22 56
22 63
22 115
22 134
22 174
22 186
22 260
22 268
22 304
23 147
23 190
23 284
24 3
24 26
24 66
24 101
24 118
24 299
25 12
25 13
25 126
25 134
25 241
25 244
25 275
25 280
25 310
25 318
26 1
26 24
26 38
26 122
26 207
26 210
26 222
26 233
26 279
26 303
26 327
27 82
27 90
27 97
27 197
27 209
27 212
27 266
28 224
28 250
28 302
29 22
29 50
29 93
29 113
29 291
29 295
30 4
30 61
30 95
30 186
30 221
30 237
30 247
30 252
31 18
31 96
31 140
31 180
31 182
31 227
31 241
31 243
31 282
31 292
32 11
32 37
32 42
32 78
32 157
32 177
32 244
32 296
32 331
33 211
33 218
33 329
34 15
34 45
34 140
35 188
35 189
35 196
35 227
35 247
35 326
36 3
36 11
36 94
36 96
36 135
36 175
36 215
36 220
36 261
37 2
37 32
37 112
37 195
37 302
37 320
37 321
37 329
38 26
38 60
38 112
38 175
38 206
38 233
38 248
38 259
38 283
39 1
39 68
39 112
39 173
39 187
39 230
39 235
39 269
40 9
40 46
40 64
40 106
40 186
40 249
40 259
40 291
40 305
41 6
41 16
41 117
41 149
41 287
41 312
42 32
42 135
42 241
42 311
42 321
43 113
43 183
43 249
43 257
43 289
43 290
43 293
43 317
44 77
44 78
44 82
44 88
44 117
44 168
44 208
44 224
44 286
44 310
45 34
45 76
45 101
45 120
45 174
45 190
45 202
45 297
46 40
46 99
46 191
46 196
46 202
46 221
46 286
47 49
47 71
47 172
47 283
47 292
48 81
48 93
48 190
48 283
48 330
49 11
49 17
49 47
49 50
49 52
49 88
49 220
49 247
49 298
50 29
50 49
50 56
50 70
50 142
50 147
50 205
50 334
51 106
51 123
51 148
51 180
51 217
51 262
51 306
52 49
52 135
52 138
52 190
52 192
52 268
52 274
52 285
52 305
53 17
53 135
53 174
53 180
53 182
53 183
53 191
53 243
53 320
54 9
54 127
54 129
54 150
54 201
54 242
54 273
55 88
55 92
55 150
55 165
55 177
55 312
56 22
56 50
56 63
56 121
56 214
56 233
56 280
57 164
57 188
57 202
57 236
57 273
57 280
58 180
58 211
58 263
58 278
59 9
59 72
59 95
59 129
59 148
59 155
59 161
59 196
59 226
60 0
60 21
60 38
60 114
60 117
60 128
60 169
60 181
60 274
60 316
61 30
61 137
61 154
61 230
61 258
61 282
61 283
61 315
62 4
62 15
62 74
62 82
62 201
62 262
62 273
62 277
63 22
63 56
63 69
63 161
63 198
63 220
63 222
63 264
63 269
63 272
64 17
64 40
64 75
64 141
64 187
64 220
64 226
64 319
64 322
64 338
65 8
65 186
65 272
65 307
65 319
65 324
66 24
66 132
66 141
66 226
67 76
67 119
67 233
67 311
68 39
68 98
68 101
68 104
68 119
68 171
68 206
68 216
68 226
68 229
68 252
68 300
68 329
69 63
69 83
69 90
69 146
69 309
70 50
70 91
70 95
70 102
70 227
70 231
70 234
70 269
70 302
70 339
71 0
71 47
71 105
71 194
71 239
71 245
71 248
71 257
72 59
72 113
72 179
72 251
72 283
72 323
72 330
73 203
73 265
73 334
74 10
74 62
74 83
74 165
74 287
74 319
74 331
75 4
75 64
75 120
75 229
75 268
76 45
76 67
76 128
76 149
76 164
76 184
76 204
76 214
76 220
76 247
77 44
77 155
77 186
77 289
77 292
77 300
77 324
78 17
78 32
78 44
78 94
78 142
78 175
78 181
78 257
79 5
79 80
79 153
79 187
79 243
79 281
79 302
79 312
80 79
80 162
80 182
80 218
80 234
80 277
80 296
81 48
81 166
81 214
81 292
82 27
82 44
82 62
82 87
82 98
82 238
82 311
82 335
83 0
83 3
83 69
83 74
83 109
83 140
83 188
83 205
83 230
83 265
83 299
83 308
84 17
84 133
84 167
84 207
84 299
84 315
85 3
85 87
85 149
85 191
85 225
85 238
85 260
85 283
86 7
86 120
86 167
86 176
86 217
86 242
87 0
87 82
87 85
87 90
87 136
87 183
87 197
87 234
87 308
88 4
88 44
88 49
88 55
88 101
88 174
88 286
89 1
89 4
89 94
89 151
89 153
89 193
89 219
89 294
89 334
90 27
90 69
90 87
90 158
90 248
90 265
90 316
91 16
91 70
91 95
91 96
91 98
91 107
91 126
91 164
91 176
91 220
91 242
91 311
91 320
92 55
92 121
92 157
92 207
92 263
92 321
93 29
93 48
93 193
93 233
93 323
94 36
94 78
94 89
94 114
94 123
94 135
94 248
94 308
95 14
95 30
95 59
95 70
95 91
95 160
95 162
95 169
95 176
95 191
95 229
95 273
95 277
95 287
95 296
96 31
96 36
96 91
96 98
96 100
96 104
96 279
96 293
97 27
97 122
97 162
97 196
97 226
97 286
97 333
97 339
98 18
98 68
98 82
98 91
98 96
98 106
98 119
98 128
98 129
98 140
98 143
98 151
98 175
98 204
98 230
98 252
98 260
98 261
98 270
98 336
99 5
99 46
99 185
99 201
99 216
99 246
99 255
99 286
99 300
99 306
99 309
100 96
100 142
100 201
100 242
100 248
100 265
100 296
101 24
101 45
101 68
101 88
101 102
101 140
101 204
101 337
102 70
102 101
102 119
102 124
102 135
102 280
102 301
102 309
102 331
103 18
103 175
103 177
103 183
103 185
103 186
103 195
103 199
103 312
104 68
104 96
104 129
104 130
104 157
104 247
104 288
104 308
105 9
105 12
105 71
105 169
105 194
105 236
105 276
105 289
105 317
106 6
106 40
106 51
106 98
106 123
106 154
106 164
106 181
106 211
106 222
106 277
106 279
106 287
106 313
107 91
107 117
107 119
107 154
107 196
107 207
107 279
107 292
108 6
108 176
108 190
108 195
108 201
108 213
108 229
108 257
108 329
109 14
109 83
109 314
110 7
110 113
110 194
110 199
110 261
111 129
111 153
111 272
111 286
112 37
112 38
112 39
112 136
112 172
112 222
113 16
113 29
113 43
113 72
113 110
113 160
113 163
113 318
113 331
114 17
114 60
114 94
114 194
114 224
114 267
114 283
114 322
115 22
115 150
115 172
115 236
115 275
115 324
116 169
116 176
116 220
116 235
116 273
117 41
117 44
117 60
117 107
117 188
117 261
117 318
118 24
118 131
118 135
118 165
118 188
118 195
118 208
118 299
118 308
119 11
119 13
119 20
119 67
119 68
119 98
119 102
119 107
119 122
119 134
119 163
119 187
119 258
119 291
120 4
120 45
120 75
120 86
120 124
120 228
120 233
120 304
120 314
121 56
121 92
121 158
121 161
121 185
121 212
121 215
121 311
121 316
121 326
121 331
122 14
122 26
122 97
122 119
122 229
122 245
122 251
122 276
122 327
123 51
123 94
123 106
123 129
123 142
123 143
123 152
123 153
123 166
124 102
124 120
124 184
124 207
124 327
125 8
125 164
125 206
125 231
125 235
125 236
125 274
125 297
125 330
126 25
126 91
126 259
126 283
127 54
127 141
127 164
127 261
127 286
127 324
127 334
127 335
128 60
128 76
128 98
128 207
128 279
129 54
129 59
129 98
129 104
129 111
129 123
129 290
129 304
129 312
130 104
130 252
131 6
131 10
131 11
131 118
131 181
131 206
131 224
131 238
131 249
131 250
131 256
131 260
131 307
131 321
132 66
132 183
132 229
132 312
132 328
133 1
133 84
133 251
133 255
133 316
134 22
134 25
134 119
134 139
134 150
134 170
134 171
135 36
135 42
135 52
135 53
135 94
135 102
135 118
135 160
135 178
135 223
135 297
136 87
136 112
136 243
136 258
136 272
136 295
136 299
136 308
136 317
137 11
137 61
137 221
137 281
137 314
138 10
138 52
138 178
138 184
138 192
138 210
138 236
138 272
138 308
138 320
139 7
139 134
139 143
139 178
139 188
139 194
139 204
139 223
139 226
139 264
140 15
140 31
140 34
140 83
140 98
140 101
140 225
140 279
140 333
141 64
141 66
141 127
141 200
141 274
141 321
142 50
142 78
142 100
142 123
142 145
142 156
142 183
142 259
142 273
142 276
143 98
143 123
143 139
143 254
144 151
144 176
144 219
144 230
144 242
144 267
144 312
144 325
144 326
144 331
144 336
145 142
145 148
145 157
145 238
145 265
145 271
145 285
145 293
145 320
146 69
146 167
146 173
146 181
146 219
146 229
146 239
146 298
146 316
146 338
147 23
147 50
147 270
147 312
147 319
147 335
148 51
148 59
148 145
148 224
148 234
148 249
148 252
149 41
149 76
149 85
149 168
149 174
149 189
149 251
150 54
150 55
150 115
150 134
150 236
150 262
150 275
150 303
151 89
151 98
151 144
151 172
151 251
151 296
151 308
151 313
152 16
152 123
152 174
152 199
152 220
152 273
152 274
152 279
152 286
153 79
153 89
153 111
153 123
153 154
153 161
153 251
153 299
154 61
154 106
154 107
154 153
154 286
154 293
155 59
155 77
155 195
155 209
155 235
155 309
156 142
156 194
156 195
156 200
156 238
157 32
157 92
157 104
157 145
157 166
157 261
157 305
157 328
157 332
158 90
158 121
158 194
158 224
158 244
158 263
159 240
159 263
160 95
160 113
160 135
160 221
160 261
161 59
161 63
161 121
161 153
161 174
161 178
161 194
161 333
162 9
162 80
162 95
162 97
162 189
162 197
163 113
163 119
163 247
163 252
163 260
163 308
164 57
164 76
164 91
164 106
164 125
164 127
164 198
164 223
164 231
164 298
164 310
164 329
164 330
165 15
165 55
165 74
165 118
165 219
165 228
165 287
166 81
166 123
166 157
166 259
166 266
166 311
166 338
167 0
167 84
167 86
167 146
167 175
167 207
167 254
167 270
167 272
167 287
167 305
167 319
168 44
168 149
168 229
168 280
169 60
169 95
169 105
169 116
169 188
169 207
169 227
170 13
170 17
170 134
170 231
170 337
171 68
171 134
171 196
172 17
172 47
172 112
172 115
172 151
172 193
172 305
173 1
173 39
173 146
173 188
173 225
173 274
173 284
174 9
174 22
174 45
174 53
174 88
174 149
174 152
174 161
174 299
174 315
175 36
175 38
175 78
175 98
175 103
175 167
175 226
175 259
175 266
175 269
175 275
176 86
176 91
176 95
176 108
176 116
176 144
176 227
176 312
177 32
177 55
177 103
177 242
177 325
178 8
178 135
178 138
178 139
178 161
178 231
178 252
179 1
179 72
179 190
179 208
179 211
179 225
179 228
179 245
179 260
179 283
179 328
179 329
180 31
180 51
180 53
180 58
180 182
180 228
180 243
180 254
180 266
180 288
180 289
181 60
181 78
181 106
181 131
181 146
181 222
182 17
182 31
182 53
182 80
182 180
182 210
182 223
182 258
182 331
183 1
183 43
183 53
183 87
183 103
183 132
183 142
183 206
183 236
183 255
183 274
183 286
183 292
183 300
184 76
184 124
184 138
184 250
184 254
184 288
184 325
185 4
185 99
185 103
185 121
185 264
185 300
185 318
185 325
186 9
186 22
186 30
186 40
186 65
186 77
186 103
186 252
186 256
186 280
186 332
187 5
187 39
187 64
187 79
187 119
187 222
187 232
187 247
187 258
187 270
187 274
187 292
187 338
188 35
188 57
188 83
188 117
188 118
188 139
188 169
188 173
188 230
188 231
188 248
188 323
189 35
189 149
189 162
189 242
189 339
190 23
190 45
190 48
190 52
190 108
190 179
190 192
190 196
190 266
190 272
190 310
190 330
191 46
191 53
191 85
191 95
191 287
192 8
192 19
192 20
192 52
192 138
192 190
192 241
192 332
192 334
193 89
193 93
193 172
193 198
193 278
194 71
194 105
194 110
194 114
194 139
194 156
194 158
194 161
194 212
194 214
194 264
195 14
195 37
195 103
195 108
195 118
195 155
195 156
195 258
195 320
195 324
196 35
196 46
196 59
196 97
196 107
196 171
196 190
196 332
197 27
197 87
197 162
197 242
197 318
197 320
197 334
198 5
198 16
198 63
198 164
198 193
198 271
198 332
199 103
199 110
199 152
199 214
199 218
199 227
199 269
199 300
200 21
200 141
200 156
201 54
201 62
201 99
201 100
201 108
202 45
202 46
202 57
202 261
202 283
202 336
203 3
203 73
203 256
203 260
203 274
203 289
203 338
204 76
204 98
204 101
204 139
204 206
204 235
204 274
204 289
204 308
204 330
204 331
204 335
205 50
205 83
205 214
205 274
205 288
205 308
206 10
206 38
206 68
206 125
206 131
206 183
206 204
206 275
206 279
206 283
206 286
206 288
206 338
207 26
207 84
207 92
207 107
207 124
207 128
207 167
207 169
207 208
207 270
207 276
207 338
208 44
208 118
208 179
208 207
208 282
209 27
209 155
209 298
209 321
210 5
210 26
210 138
210 182
210 233
210 274
210 323
211 33
211 58
211 106
211 179
211 259
211 291
212 14
212 27
212 121
212 194
212 240
212 268
213 108
213 243
213 334
214 2
214 15
214 56
214 76
214 81
214 194
214 199
214 205
214 234
214 240
214 278
214 320
214 331
215 36
215 121
215 238
215 248
215 257
215 302
215 334
216 68
216 99
216 221
216 264
217 6
217 51
217 86
217 244
217 291
217 301
218 33
218 80
218 199
218 233
219 89
219 144
219 146
219 165
219 223
219 250
219 254
219 255
219 273
220 2
220 3
220 16
220 36
220 49
220 63
220 64
220 76
220 91
220 116
220 152
220 321
220 333
221 30
221 46
221 137
221 160
221 216
221 232
221 306
221 307
221 328
222 3
222 26
222 63
222 106
222 112
222 181
222 187
222 230
222 310
223 135
223 139
223 164
223 182
223 219
223 311
224 15
224 28
224 44
224 114
224 131
224 148
224 158
224 241
224 315
224 330
225 85
225 140
225 173
225 179
225 245
225 256
225 330
226 59
226 64
226 66
226 68
226 97
226 139
226 175
226 243
226 302
226 326
226 334
227 16
227 31
227 35
227 70
227 169
227 176
227 199
227 258
227 273
227 277
227 283
227 308
227 316
228 120
228 165
228 179
228 180
228 231
228 331
229 68
229 75
229 95
229 108
229 122
229 132
229 146
229 168
229 231
229 274
229 310
229 337
230 16
230 39
230 61
230 83
230 98
230 144
230 188
230 222
230 282
230 298
230 326
231 70
231 125
231 164
231 170
231 178
231 188
231 228
231 229
231 243
231 246
231 308
231 315
231 318
232 187
232 221
232 283
232 284
232 302
233 26
233 38
233 56
233 67
233 93
233 120
233 210
233 218
234 4
234 70
234 80
234 87
234 148
234 214
234 241
234 261
235 39
235 116
235 125
235 155
235 204
235 267
235 296
235 306
235 309
236 57
236 105
236 115
236 125
236 138
236 150
236 183
236 302
237 30
237 247
237 265
237 302
238 16
238 82
238 85
238 131
238 145
238 156
238 215
238 264
238 282
238 313
238 328
239 71
239 146
239 297
240 159
240 212
240 214
240 255
240 306
241 25
241 31
241 42
241 192
241 224
241 234
241 261
241 268
241 271
241 277
241 292
242 10
242 54
242 86
242 91
242 100
242 144
242 177
242 189
242 197
242 297
243 31
243 53
243 79
243 136
243 180
243 213
243 226
243 231
243 275
244 25
244 32
244 158
244 217
244 284
245 71
245 122
245 179
245 225
246 9
246 99
246 231
246 260
246 264
246 319
246 323
246 333
247 30
247 35
247 49
247 76
247 104
247 163
247 187
247 237
247 299
247 329
248 38
248 71
248 90
248 94
248 100
248 188
248 215
248 285
248 314
248 337
249 1
249 40
249 43
249 131
249 148
249 262
249 264
249 283
249 286
249 325
250 11
250 28
250 131
250 184
250 219
250 294
251 11
251 72
251 122
251 133
251 149
251 151
251 153
251 291
251 309
252 2
252 30
252 68
252 98
252 130
252 148
252 163
252 178
252 186
252 291
253 5
253 268
253 301
253 319
254 143
254 167
254 180
254 184
254 219
254 267
254 315
254 320
254 328
254 331
255 18
255 99
255 133
255 183
255 219
255 240
255 286
255 314
256 21
256 131
256 186
256 203
256 225
256 325
257 43
257 71
257 78
257 108
257 215
257 328
258 7
258 13
258 61
258 119
258 136
258 182
258 187
258 195
258 227
258 266
258 322
258 333
258 335
259 38
259 40
259 126
259 142
259 166
259 175
259 211
259 263
259 273
259 310
260 22
260 85
260 98
260 131
260 163
260 179
260 203
260 246
260 268
260 280
260 315
261 36
261 98
261 110
261 117
261 127
261 157
261 160
261 202
261 234
261 241
261 269
261 315
262 51
262 62
262 150
262 249
262 265
262 317
263 58
263 92
263 158
263 159
263 259
263 264
263 267
263 277
263 301
264 7
264 63
264 139
264 185
264 194
264 216
264 238
264 246
264 249
264 263
264 281
264 301
264 317
264 328
264 331
265 4
265 73
265 83
265 90
265 100
265 145
265 237
265 262
265 309
266 6
266 27
266 166
266 175
266 180
266 190
266 258
267 114
267 144
267 235
267 254
267 263
267 294
267 311
267 336
268 22
268 52
268 75
268 212
268 241
268 253
268 260
268 290
269 39
269 63
269 70
269 175
269 199
269 261
269 290
269 299
269 321
270 4
270 98
270 147
270 167
270 187
270 207
270 320
270 321
271 145
271 198
271 241
271 319
271 333
272 4
272 63
272 65
272 111
272 136
272 138
272 167
272 190
273 3
273 54
273 57
273 62
273 95
273 116
273 142
273 152
273 219
273 227
273 259
273 289
273 306
273 321
273 339
274 17
274 52
274 60
274 125
274 141
274 152
274 173
274 183
274 187
274 203
274 204
274 205
274 210
274 229
275 25
275 115
275 150
275 175
275 206
275 243
275 301
276 10
276 105
276 122
276 142
276 207
276 287
276 334
277 62
277 80
277 95
277 106
277 227
277 241
277 263
277 296
278 8
278 16
278 58
278 193
278 214
279 13
279 26
279 96
279 106
279 107
279 128
279 140
279 152
279 206
279 281
279 295
280 25
280 56
280 57
280 102
280 168
280 186
280 260
280 286
280 299
281 4
281 79
281 137
281 264
281 279
282 31
282 61
282 208
282 230
282 238
283 38
283 47
283 48
283 61
283 72
283 85
283 114
283 126
283 179
283 202
283 206
283 227
283 232
283 249
283 323
283 332
284 23
284 173
284 232
284 244
284 306
285 2
285 52
285 145
285 248
285 312
286 44
286 46
286 88
286 97
286 99
286 111
286 127
286 152
286 154
286 183
286 206
286 249
286 255
286 280
286 325
287 41
287 74
287 95
287 106
287 165
287 167
287 191
287 276
288 104
288 180
288 184
288 205
288 206
288 297
289 43
289 77
289 105
289 180
289 203
289 204
289 273
289 293
290 5
290 43
290 129
290 268
290 269
291 12
291 29
291 40
291 119
291 211
291 217
291 251
291 252
292 31
292 47
292 77
292 81
292 107
292 183
292 187
292 241
292 315
293 43
293 96
293 145
293 154
293 289
293 334
294 17
294 89
294 250
294 267
294 324
294 331
295 14
295 29
295 136
295 279
295 339
296 0
296 32
296 80
296 95
296 100
296 151
296 235
296 277
297 45
297 125
297 135
297 239
297 242
297 288
297 302
297 304
297 317
298 49
298 146
298 164
298 209
298 230
299 3
299 16
299 18
299 24
299 83
299 84
299 118
299 136
299 153
299 174
299 247
299 269
299 280
300 19
300 68
300 77
300 99
300 183
300 185
300 199
300 302
300 308
301 19
301 102
301 217
301 253
301 263
301 264
301 275
302 28
302 37
302 70
302 79
302 215
302 226
302 232
302 236
302 237
302 297
302 300
303 26
303 150
303 317
304 22
304 120
304 129
304 297
304 305
305 11
305 40
305 52
305 157
305 167
305 172
305 304
306 51
306 99
306 221
306 235
306 240
306 273
306 284
306 329
307 13
307 65
307 131
307 221
307 324
308 83
308 87
308 94
308 104
308 118
308 136
308 138
308 151
308 163
308 204
308 205
308 227
308 231
308 300
309 69
309 99
309 102
309 155
309 235
309 251
309 265
309 314
309 327
310 25
310 44
310 164
310 190
310 222
310 229
310 259
311 42
311 67
311 82
311 91
311 121
311 166
311 223
311 267
311 332
312 41
312 55
312 79
312 103
312 129
312 132
312 144
312 147
312 176
312 285
313 9
313 106
313 151
313 238
314 109
314 120
314 137
314 248
314 255
314 309
315 61
315 84
315 174
315 224
315 231
315 254
315 260
315 261
315 292
316 60
316 90
316 121
316 133
316 146
316 227
316 320
316 328
317 15
317 43
317 105
317 136
317 262
317 264
317 297
317 303
318 25
318 113
318 117
318 185
318 197
318 231
319 64
319 65
319 74
319 147
319 167
319 246
319 253
319 271
319 336
320 6
320 37
320 53
320 91
320 138
320 145
320 195
320 197
320 214
320 254
320 270
320 316
320 329
321 37
321 42
321 92
321 131
321 141
321 209
321 220
321 269
321 270
321 273
321 330
321 333
322 64
322 114
322 258
322 328
322 332
323 72
323 93
323 188
323 210
323 246
323 283
323 333
324 65
324 77
324 115
324 127
324 195
324 294
324 307
324 327
324 334
325 6
325 144
325 177
325 184
325 185
325 249
325 256
325 286
326 20
326 35
326 121
326 144
326 226
326 230
327 11
327 26
327 122
327 124
327 309
327 324
328 132
328 157
328 179
328 221
328 238
328 254
328 257
328 264
328 316
328 322
328 333
329 33
329 37
329 68
329 108
329 164
329 179
329 247
329 306
329 320
329 330
330 48
330 72
330 125
330 164
330 190
330 204
330 224
330 225
330 321
330 329
331 32
331 74
331 102
331 113
331 121
331 144
331 182
331 204
331 214
331 228
331 254
331 264
331 294
332 157
332 186
332 192
332 196
332 198
332 283
332 311
332 322
332 335
333 97
333 140
333 161
333 220
333 246
333 258
333 271
333 321
333 323
333 328
334 14
334 50
334 73
334 89
334 127
334 192
334 197
334 213
334 215
334 226
334 276
334 293
334 324
334 336
335 82
335 127
335 147
335 204
335 258
335 332
336 98
336 144
336 202
336 267
336 319
336 334
337 101
337 170
337 229
337 248
338 64
338 146
338 166
338 187
338 203
338 206
338 207
339 12
339 18
339 70
339 97
339 189
339 273
339 295