0	6	53	15	0	207	20	374	263	9	0	0	1	0	0	0	476	15	2858	1290	1020	522	62	0	0	2814	1112	1784	140	0	0	33	15	10	4	2	0	0	0	0	0	0	0	22	0	0	43	1	0	0	0	0	0	0	0	0	32	0	2	0	0	0	0	0	0	0	0	0	0	0	0	0	0	0
60	10	64	45	0	203	120	558	564	4	0	0	6	0	0	0	456	210	3399	2376	1758	2208	21	0	0	4027	1668	4767	73	0	0	56	69	62	48	0	0	0	0	0	0	0	0	61	0	0	35	1	0	0	0	0	0	0	0	0	65	0	1	0	0	0	0	0	0	0	0	0	0	0	0	0	0	0
71	8	44	27	1	121	50	325	290	2	16	6	1	0	0	0	220	55	1660	1157	779	788	8	56	15	2395	726	2113	34	62	96	20	12	5	6	0	0	0	0	0	0	0	0	27	108	28	13	1	0	0	0	0	0	0	1	0	21	1	0	0	0	0	0	0	0	0	0	0	0	0	0	0	0	0
83	12	86	63	3	310	190	638	871	7	51	30	11	1	0	0	726	363	4487	2372	3013	3810	48	209	129	4654	2855	6285	78	193	494	55	167	85	91	0	15	0	0	3	1	0	0	50	382	189	68	0	3	0	10	0	0	0	4	3	80	5	4	16	1	0	0	0	0	0	0	0	0	0	0	0	0	0
87	9	70	35	1	264	77	571	529	4	19	7	6	0	0	0	660	105	4202	2289	1945	1699	35	86	21	4093	1929	4248	71	79	131	55	81	37	37	1	0	0	0	0	1	0	0	57	143	49	30	1	0	0	0	0	0	0	1	0	46	5	1	2	0	0	0	0	0	0	0	0	0	0	0	0	0	0
167	12	85	64	2	276	201	622	887	3	28	18	10	0	1	0	544	414	3873	2319	2811	4090	18	93	72	4635	2992	6359	40	87	243	52	132	75	91	0	0	9	9	0	0	0	0	71	194	123	32	0	0	10	0	0	0	0	0	0	66	3	1	9	0	0	0	0	0	0	0	0	0	0	0	0	0	0
296	8	57	26	2	196	45	442	369	4	28	10	1	0	1	0	445	45	2895	1722	1251	956	37	105	20	3291	1252	2790	54	83	140	38	16	4	5	1	0	5	5	0	0	0	0	42	208	68	25	0	0	16	0	0	0	0	3	0	37	7	0	0	0	0	0	0	1	0	0	0	0	0	0	0	0	0
1	8	66	27	1	265	50	515	439	8	11	6	6	0	0	0	676	55	3998	1997	1735	1197	67	25	15	3634	1701	3335	109	28	64	64	93	50	34	2	0	0	0	1	0	0	0	55	92	53	50	2	0	0	0	0	0	0	0	0	34	2	6	2	0	0	0	0	0	0	0	0	0	0	0	0	0	0
26	11	71	52	3	220	139	502	661	8	33	25	8	0	1	0	437	232	2932	1767	2007	2599	41	76	88	3855	1998	4600	126	84	271	46	115	48	68	2	0	5	8	1	0	0	0	49	227	164	75	1	0	12	0	0	0	0	2	2	43	4	3	4	0	0	0	0	0	0	0	0	0	0	0	0	0	0
39	8	66	27	1	259	50	534	437	9	11	6	7	0	0	0	633	55	4075	2156	1675	1188	78	25	15	3951	1666	3395	147	28	64	59	113	65	37	1	0	0	0	0	1	0	0	50	92	53	58	1	0	0	0	0	0	0	0	0	56	2	5	2	0	0	0	0	0	0	0	0	0	0	0	0	0	0
89	9	69	36	0	257	84	494	538	4	0	0	7	0	0	0	631	126	3493	1769	1972	1834	30	0	0	3678	1964	3793	49	0	0	38	84	50	49	0	0	0	0	0	0	0	0	51	0	0	31	0	0	0	0	0	0	0	0	0	29	0	1	0	0	0	0	0	0	0	0	0	0	0	0	0	0	0
133	5	34	10	0	97	10	293	134	4	0	0	1	0	0	0	154	5	1594	1184	377	198	16	0	0	2148	431	1117	69	0	0	23	11	11	3	1	0	0	0	0	0	0	0	24	0	0	15	3	0	0	0	0	0	0	0	0	16	0	1	0	0	0	0	0	0	0	0	0	0	0	0	0	0	0
173	7	55	20	1	218	30	414	308	2	12	5	5	0	0	0	586	25	3264	1504	1201	680	13	30	10	3114	1115	2216	29	36	56	52	77	50	21	0	0	0	0	0	0	0	0	48	106	39	10	0	0	0	0	0	0	0	0	0	30	0	2	4	0	0	0	0	0	0	0	0	0	0	0	0	0	0
179	12	87	64	2	332	200	627	903	8	24	20	14	1	0	0	867	406	4575	2292	3339	4138	65	94	88	4570	3022	6437	112	61	227	52	200	67	112	0	17	0	0	1	5	0	0	52	156	135	79	3	5	0	10	0	0	0	1	1	75	1	8	13	0	0	0	0	0	0	0	0	0	0	0	0	0	0
183	14	116	89	2	444	341	821	1421	15	39	22	23	1	1	0	1060	880	6202	2780	5224	7878	102	179	110	5933	5508	9840	211	184	416	66	350	163	255	2	15	11	11	2	2	0	0	58	251	160	178	3	7	16	10	0	0	0	7	0	113	3	9	13	1	1	0	0	0	1	0	0	0	0	0	0	0	0
249	10	94	44	1	445	112	645	793	17	19	8	17	0	0	0	1392	182	5946	2100	3620	2910	170	88	28	4593	3446	5315	228	77	144	54	295	119	119	5	0	0	0	1	3	0	0	40	121	67	135	0	0	0	0	0	0	0	5	0	58	1	13	8	0	0	0	0	0	0	0	0	0	0	0	0	0	0
2	6	50	15	0	201	20	393	244	9	0	0	3	0	0	0	517	15	2992	1504	952	476	64	0	0	2937	934	1866	164	0	0	39	53	26	12	2	0	0	0	0	0	0	0	28	0	0	42	1	0	0	0	0	0	0	0	0	22	0	3	0	0	0	0	0	0	0	0	0	0	0	0	0	0	0
10	7	58	20	1	228	30	475	323	5	23	5	1	0	0	0	564	25	3610	1881	1241	710	39	118	10	3456	1247	2583	79	130	115	53	9	5	5	0	0	0	0	0	0	0	0	54	192	35	26	2	0	0	0	0	0	0	3	0	30	2	1	0	0	0	0	0	0	0	0	0	0	0	0	0	0	0
37	8	65	26	2	247	45	488	407	2	36	10	6	0	1	0	578	45	3617	1779	1492	1021	15	145	20	3711	1544	2980	34	157	175	37	92	44	30	0	0	10	5	0	0	0	0	53	286	73	11	1	0	14	0	0	0	0	1	0	27	3	2	5	0	0	0	0	1	0	0	0	0	0	0	0	0	0
214	13	91	78	0	318	286	657	1074	8	0	0	9	0	0	0	746	715	4566	2299	3679	5808	51	0	0	4849	3531	7569	120	0	0	66	137	67	99	1	0	0	0	0	0	0	0	57	0	0	93	1	0	0	0	0	0	0	0	0	89	0	3	0	0	0	0	0	0	0	0	0	0	0	0	0	0	0
220	13	102	74	4	361	243	788	1118	10	66	42	20	0	1	0	758	510	5429	3008	3820	5310	64	240	190	5802	4089	8338	162	266	668	67	272	167	184	2	0	8	10	0	4	0	0	73	524	300	107	1	0	18	0	0	0	0	7	5	120	7	6	24	0	0	0	0	0	0	0	0	0	0	0	0	0	0
252	10	74	43	2	327	104	578	604	3	42	16	9	1	0	0	1153	155	4972	2177	2553	2086	27	229	54	4191	1919	4592	40	217	332	78	132	78	58	0	27	0	0	1	2	0	0	56	308	98	22	0	10	0	6	0	0	0	3	1	55	7	2	4	0	0	0	0	0	2	0	0	0	0	0	0	0	0
285	5	39	10	0	135	10	292	156	3	0	0	0	0	0	0	272	5	1943	1032	540	234	17	0	0	2139	591	1144	45	0	0	17	0	0	0	1	0	0	0	0	0	0	0	28	0	0	12	0	0	0	0	0	0	0	0	0	12	0	0	0	0	0	0	0	0	0	0	0	0	0	0	0	0	0
3	9	77	33	3	319	64	581	546	8	50	19	9	1	1	0	854	71	4692	2121	2192	1529	64	199	47	4306	2162	4014	129	198	309	59	143	65	54	1	12	9	6	3	0	0	0	50	359	156	53	0	7	13	6	0	0	0	6	2	57	6	5	9	0	1	0	0	0	0	0	0	0	0	0	0	0	0
24	6	44	13	2	152	13	346	184	4	32	6	1	1	1	0	318	6	2315	1324	614	268	27	116	6	2636	620	1402	51	120	95	33	15	7	3	1	15	9	3	0	0	0	0	33	258	39	19	0	10	13	3	0	0	0	1	0	14	4	0	1	0	1	0	0	0	0	0	0	0	0	0	0	0	0
36	9	77	34	2	298	70	614	565	10	33	14	9	0	0	0	691	85	4545	2427	2123	1691	71	122	40	4509	2279	4368	171	125	226	63	137	88	55	2	0	0	0	1	1	0	0	46	241	116	70	1	0	0	0	0	0	0	5	1	55	6	5	5	0	0	0	0	0	0	0	0	0	0	0	0	0	0
85	8	67	28	0	276	56	500	457	11	0	0	6	0	0	0	768	70	3965	1901	1830	1338	81	0	0	3768	1766	3312	173	0	0	43	102	46	33	2	0	0	0	0	1	0	0	48	0	0	73	1	0	0	0	0	0	0	0	0	46	0	4	0	0	0	0	0	0	0	0	0	0	0	0	0	0	0
203	7	51	21	0	192	35	442	296	6	0	0	5	0	0	0	493	35	3234	1870	1076	715	33	0	0	3257	963	2485	92	0	0	46	76	51	25	1	0	0	0	0	0	0	0	51	0	0	35	1	0	0	0	0	0	0	0	0	32	0	1	0	0	0	0	0	0	0	0	0	0	0	0	0	0	0
222	9	76	35	1	303	77	591	572	14	16	7	10	0	0	0	743	105	4536	2325	2194	1825	109	71	21	4233	2256	4322	190	47	109	63	159	80	64	2	0	0	0	0	1	0	0	61	129	57	106	2	0	0	0	0	0	0	1	0	55	1	5	3	0	0	0	0	0	0	0	0	0	0	0	0	0	0
273	15	119	104	1	450	442	844	1602	11	16	13	24	0	0	0	1098	1287	6218	2885	5889	9920	88	55	78	6128	5966	11146	150	62	207	70	338	138	287	2	0	0	0	9	8	0	0	83	106	102	137	3	0	0	0	0	0	0	1	0	134	2	16	1	0	0	0	0	0	0	0	0	0	0	0	0	0	0
299	13	95	75	3	318	255	736	1087	8	35	29	9	0	2	0	636	570	4737	2789	3596	5493	50	98	126	5396	3771	8149	126	97	332	59	120	73	87	1	0	9	18	1	1	0	0	69	267	215	82	1	0	26	0	0	0	0	4	0	128	2	10	9	0	0	1	0	0	0	0	0	0	0	0	0	0	0
4	12	78	65	1	221	210	609	840	6	10	10	4	0	0	0	353	450	3304	2396	2362	4042	29	24	45	4378	2652	6475	99	21	100	47	45	27	40	0	0	0	0	0	0	0	0	61	64	68	64	1	0	0	0	0	0	0	0	0	52	0	2	0	0	0	0	0	0	0	0	0	0	0	0	0	0	0
30	8	67	26	2	280	44	468	434	8	27	12	4	0	0	0	742	41	3766	1687	1811	1096	73	91	28	3518	1739	2969	117	87	159	47	58	17	21	1	0	0	0	0	0	0	0	32	203	104	54	2	0	0	0	0	0	0	2	1	34	1	0	3	0	0	0	0	0	0	0	0	0	0	0	0	0	0
62	8	61	28	0	234	56	462	415	6	0	0	6	0	0	0	629	70	3452	1735	1553	1209	38	0	0	3355	1462	3072	71	0	0	44	83	45	36	1	0	0	0	1	0	0	0	42	0	0	40	0	0	0	0	0	0	0	0	0	35	0	2	0	0	0	0	0	0	0	0	0	0	0	0	0	0	0
75	5	44	9	1	176	7	318	159	2	17	3	0	0	0	0	427	2	2539	1136	638	186	12	66	3	2370	686	1143	33	70	51	28	0	0	0	0	0	0	0	0	0	0	0	30	105	27	8	0	0	0	0	0	0	0	0	0	12	0	0	0	0	0	0	0	0	0	0	0	0	0	0	0	0	0
88	7	61	20	1	249	30	430	341	7	21	5	2	0	0	0	625	25	3420	1414	1359	752	64	101	10	3266	1413	2373	107	103	104	40	34	13	9	3	0	0	0	0	0	0	0	38	137	39	37	0	0	0	0	0	0	0	5	0	21	1	0	1	0	0	0	0	0	0	0	0	0	0	0	0	0	0
120	9	50	35	1	130	77	358	385	2	13	7	1	0	0	0	220	105	1766	1220	983	1258	8	48	21	2668	1027	2703	28	30	91	18	9	7	7	1	0	0	0	0	0	0	0	36	95	37	16	0	0	0	0	0	0	0	0	0	26	0	0	0	0	0	0	0	0	0	0	0	0	0	0	0	0	0
185	8	71	27	1	299	50	502	463	8	16	6	9	0	0	0	795	55	4030	1741	1887	1242	72	55	15	3642	1916	3204	116	60	91	48	147	60	49	2	0	0	0	2	0	0	0	35	110	50	50	1	0	0	0	0	0	0	2	0	35	3	4	5	0	0	0	0	0	0	0	0	0	0	0	0	0	0
234	8	71	27	1	291	50	523	472	5	19	6	3	0	0	0	736	55	4172	1894	1915	1295	33	80	15	3886	1999	3375	75	88	111	47	42	20	15	0	0	0	0	0	0	0	0	40	133	49	33	2	0	0	0	0	0	0	1	0	54	2	1	3	0	0	0	0	0	0	0	0	0	0	0	0	0	0
265	9	60	36	0	204	84	406	466	6	0	0	7	0	0	0	450	126	2637	1319	1541	1585	43	0	0	3025	1432	3123	85	0	0	29	91	33	46	0	0	0	0	0	1	0	0	32	0	0	47	1	0	0	0	0	0	0	0	0	29	0	1	0	0	0	0	0	0	0	0	0	0	0	0	0	0	0
270	8	90	27	1	503	50	650	590	10	18	6	10	1	0	0	1872	55	7295	2286	3213	1594	115	72	15	4579	3100	4179	151	79	101	92	218	65	53	2	18	0	0	0	0	0	0	49	107	63	64	1	4	0	6	0	0	0	0	0	58	2	6	7	0	0	0	0	0	0	0	0	0	0	0	0	0	0
272	8	67	28	0	269	56	481	459	9	0	0	5	0	0	0	663	70	3723	1663	1804	1347	66	0	0	3512	1814	3233	113	0	0	40	79	35	30	1	0	0	0	0	0	0	0	45	0	0	59	0	0	0	0	0	0	0	0	0	31	0	2	0	0	0	0	1	0	0	0	0	0	0	0	0	0	0
281	5	46	10	0	212	10	339	182	6	0	0	1	0	0	0	627	5	3018	1167	825	270	60	0	0	2478	784	1326	82	0	0	42	23	6	3	1	0	0	0	0	0	0	0	32	0	0	24	0	0	0	0	0	0	0	0	0	9	0	0	0	0	0	0	0	0	0	0	0	0	0	0	0	0	0
5	7	46	20	1	148	30	346	255	6	17	5	2	0	0	0	305	25	2162	1223	800	558	44	68	10	2571	781	1881	93	65	84	33	20	18	9	1	0	0	0	0	0	0	0	32	133	28	34	3	0	0	0	0	0	0	2	0	12	1	0	1	0	0	0	0	0	0	0	0	0	0	0	0	0	0
79	8	60	27	1	210	50	421	400	6	16	6	2	0	0	0	454	55	2870	1458	1372	1098	39	63	15	3190	1440	2759	86	54	95	35	35	12	11	1	0	0	0	0	0	0	0	37	118	43	40	4	0	0	0	0	0	0	2	0	22	1	0	1	0	0	0	0	0	0	0	0	0	0	0	0	0	0
99	11	71	52	3	215	139	514	636	6	46	25	13	1	1	0	411	232	3011	1843	1828	2423	45	172	88	3813	1905	4514	87	153	368	39	135	104	96	0	15	11	8	0	2	0	0	38	318	140	51	0	10	10	7	0	0	0	5	2	34	4	3	13	1	1	0	0	0	1	0	0	0	0	0	0	0	0
187	13	103	75	3	396	253	775	1159	6	45	33	15	1	0	0	998	553	5746	2953	4338	5713	39	162	159	5520	4281	8506	93	180	483	74	227	111	153	0	21	0	0	2	0	0	0	81	324	250	67	2	4	0	11	0	0	0	1	3	118	0	4	12	0	0	0	0	0	0	0	0	0	0	0	0	0	0
198	7	53	21	0	195	35	411	312	7	0	0	3	0	0	0	454	35	3001	1557	1124	765	51	0	0	3069	1100	2371	110	0	0	37	46	22	15	3	0	0	0	0	0	0	0	45	0	0	39	0	0	0	0	0	0	0	0	0	24	0	3	0	0	0	0	0	0	0	0	0	0	0	0	0	0	0
210	7	57	20	1	215	30	423	319	8	13	5	4	1	0	0	528	25	3198	1552	1177	700	40	37	10	3088	1225	2340	110	40	64	47	63	28	19	2	13	0	0	0	0	0	0	42	77	41	44	4	7	0	5	0	0	0	1	0	24	0	3	1	0	0	0	0	0	0	0	0	0	0	0	0	0	0
253	4	27	6	0	76	4	182	79	3	0	0	1	0	0	0	118	1	993	597	217	77	13	0	0	1369	253	526	54	0	0	7	11	3	2	0	0	0	0	0	0	0	0	23	0	0	9	0	0	0	0	0	0	0	0	0	7	0	0	0	0	0	0	0	0	0	0	0	0	0	0	0	0	0
290	5	36	10	0	110	10	279	142	3	0	0	1	0	0	0	188	5	1689	1108	429	210	14	0	0	2153	496	1094	44	0	0	20	11	2	3	0	0	0	0	0	0	0	0	29	0	0	12	0	0	0	0	0	0	0	0	0	9	0	0	0	0	0	0	0	0	0	0	0	0	0	0	0	0	0
6	9	78	36	0	334	84	572	604	8	0	0	10	0	0	0	932	126	4845	2077	2504	2044	74	0	0	4181	2427	4358	109	0	0	51	162	56	70	1	0	0	0	3	0	0	0	60	0	0	58	0	0	0	0	0	0	0	0	0	50	0	6	0	0	0	0	0	0	0	0	0	0	0	0	0	0	0
9	10	70	44	1	223	112	545	600	3	16	8	7	0	0	0	419	182	3354	2001	1867	2235	18	56	28	4017	1981	4544	42	62	125	41	84	67	50	0	0	0	0	0	1	0	0	62	117	51	26	0	0	0	0	0	0	0	1	0	54	1	0	3	0	0	0	0	0	0	0	0	0	0	0	0	0	0
41	6	46	15	0	155	20	365	228	5	0	0	1	0	0	0	303	15	2413	1418	762	452	31	0	0	2719	841	1761	79	0	0	30	13	12	4	1	0	0	0	0	0	0	0	34	0	0	25	0	0	0	0	0	0	0	0	0	20	0	0	0	0	0	0	0	0	0	0	0	0	0	0	0	0	0
106	14	107	89	2	450	340	777	1324	11	23	24	22	0	0	0	1493	870	6374	2728	5436	7372	99	58	130	5643	4659	9425	167	63	267	93	346	146	252	4	0	0	0	5	1	0	0	85	170	182	137	0	0	0	0	0	0	0	0	1	104	0	6	9	0	0	0	0	0	0	0	0	0	0	0	0	0	0
108	9	66	36	0	241	84	503	508	7	0	0	10	0	0	0	554	126	3485	1907	1770	1711	49	0	0	3681	1691	3795	104	0	0	52	156	81	67	0	0	0	0	1	1	0	0	44	0	0	49	3	0	0	0	0	0	0	0	0	31	0	5	0	0	0	0	1	0	0	0	0	0	0	0	0	0	0
131	14	108	89	2	396	340	817	1349	10	29	24	13	0	0	0	904	870	5936	3100	4858	7586	68	104	130	5809	4959	9972	171	90	345	81	184	92	150	0	0	0	0	1	1	0	0	82	224	184	120	2	0	0	0	0	0	0	3	1	116	1	7	3	0	0	0	0	0	0	0	0	0	0	0	0	0	0
217	6	36	15	0	93	20	273	178	2	0	0	1	0	0	0	137	15	1389	1024	454	352	8	0	0	1968	508	1314	38	0	0	21	11	11	4	0	0	0	0	0	0	0	0	28	0	0	9	0	0	0	0	0	0	0	0	0	14	0	1	0	0	0	0	0	0	0	0	0	0	0	0	0	0	0
266	7	63	21	0	260	35	459	372	9	0	0	3	0	0	0	648	35	3719	1659	1512	915	68	0	0	3388	1599	2651	120	0	0	50	48	19	15	5	0	0	0	0	0	0	0	39	0	0	51	2	0	0	0	0	0	0	0	0	31	0	3	0	0	0	0	0	0	0	0	0	0	0	0	0	0	0
320	13	107	76	2	401	265	839	1232	10	26	20	13	0	1	0	915	615	6061	3267	4546	6342	70	75	90	5849	4859	9427	163	79	253	84	191	108	132	3	0	5	10	0	1	0	0	63	194	165	114	6	0	14	0	0	0	0	1	0	112	1	5	7	0	0	0	0	1	0	0	0	0	0	0	0	0	0
325	8	61	27	1	222	50	469	392	9	21	6	7	0	0	0	506	55	3295	1754	1368	1042	78	101	15	3393	1364	2912	127	99	122	46	85	67	35	3	0	0	0	0	1	0	0	38	152	36	55	0	0	0	0	0	0	0	5	0	36	5	3	4	0	0	0	0	0	0	0	0	0	0	0	0	0	0
7	5	42	9	1	184	7	324	143	4	19	3	2	1	0	0	535	2	2733	1186	607	160	40	85	3	2396	530	1084	67	83	57	34	25	16	4	1	19	0	0	0	0	0	0	25	138	20	14	0	8	0	2	0	0	0	2	0	12	1	0	0	0	0	0	0	0	1	0	0	0	0	0	0	0	0
86	6	44	15	0	150	20	316	216	6	0	0	2	0	0	0	319	15	2045	1101	726	424	34	0	0	2340	752	1522	97	0	0	31	22	18	8	1	0	0	0	1	0	0	0	23	0	0	28	2	0	0	0	0	0	0	0	0	10	0	2	0	0	0	0	0	0	0	0	0	0	0	0	0	0	0
110	5	40	10	0	151	10	303	150	4	0	0	5	0	0	0	353	5	2198	1174	536	210	27	0	0	2349	540	1112	66	0	0	28	68	40	15	0	0	0	0	0	0	0	0	20	0	0	14	0	0	0	0	0	0	0	0	0	10	0	0	0	0	0	0	1	0	0	0	0	0	0	0	0	0	0
139	10	76	43	2	299	105	612	636	4	36	14	6	0	1	0	770	161	4634	2476	2445	2268	36	166	42	4377	2261	5031	62	139	249	73	80	58	44	0	0	12	7	0	0	0	0	59	239	101	31	0	0	10	0	0	0	0	5	0	56	5	0	3	0	0	0	0	1	0	0	0	0	0	0	0	0	0
258	13	98	76	2	356	265	746	1125	12	37	20	7	0	1	0	830	615	5301	2784	4014	5776	75	167	90	5491	4014	8341	185	158	369	80	91	62	76	2	0	11	10	0	0	0	0	60	262	143	135	5	0	15	0	0	0	0	4	0	103	7	5	1	0	0	0	0	0	0	0	0	0	0	0	0	0	0
264	15	107	101	4	368	404	749	1402	5	56	50	20	0	1	0	800	1070	5073	2578	4700	8169	31	183	278	5377	4709	9657	69	197	688	63	267	140	242	0	0	7	12	1	1	0	0	62	348	346	64	0	0	10	0	0	0	0	1	5	95	3	5	14	0	0	0	0	1	0	0	0	0	0	0	0	0	0
8	5	31	10	0	82	10	252	120	5	0	0	2	0	0	0	121	5	1310	1012	306	174	23	0	0	1853	340	948	75	0	0	24	22	17	6	2	0	0	0	0	0	0	0	20	0	0	18	1	0	0	0	0	0	0	0	0	12	0	2	0	0	0	0	0	0	0	0	0	0	0	0	0	0	0
65	6	39	14	1	121	16	281	181	3	10	4	2	0	0	0	230	9	1690	957	554	307	21	23	6	2078	551	1272	47	21	39	16	28	15	7	0	0	0	0	0	0	0	0	29	73	28	14	0	0	0	0	0	0	0	1	0	15	0	0	1	0	0	0	0	0	0	0	0	0	0	0	0	0	0
125	9	81	34	2	349	71	608	581	6	37	12	14	1	1	0	951	90	5254	2221	2374	1734	47	156	30	4387	2371	4222	91	168	215	62	244	111	76	0	16	9	6	1	5	0	0	57	268	97	45	2	8	18	6	0	0	0	1	0	62	5	2	7	0	1	0	0	0	0	0	0	0	0	0	0	0	0
178	7	60	21	0	239	35	447	346	7	0	0	7	0	0	0	579	35	3484	1653	1327	830	51	0	0	3409	1369	2500	115	0	0	43	107	52	35	1	0	0	0	0	0	0	0	35	0	0	38	3	0	0	0	0	0	0	0	0	37	0	4	0	0	0	0	0	0	0	0	0	0	0	0	0	0	0
192	9	63	34	2	243	71	433	466	4	30	12	4	0	1	0	627	90	3184	1460	1786	1436	35	102	30	3174	1513	3150	55	106	176	32	56	23	23	0	0	6	6	0	0	0	0	36	214	74	31	0	0	16	0	0	0	0	1	0	25	2	0	4	0	0	0	0	1	0	0	0	0	0	0	0	0	0
278	5	33	10	0	124	10	250	130	2	0	0	1	0	0	0	334	5	1877	904	484	192	14	0	0	1867	383	978	38	0	0	24	12	5	3	1	0	0	0	0	0	0	0	30	0	0	8	0	0	0	0	0	0	0	0	0	6	0	0	0	0	0	0	0	0	0	0	0	0	0	0	0	0	0
40	9	76	35	1	293	77	564	577	8	17	7	7	0	0	0	692	105	4218	2143	2169	1861	61	63	21	3975	2293	4199	126	71	116	64	110	36	43	0	0	0	0	1	1	0	0	59	112	56	60	1	0	0	0	0	0	0	1	0	62	1	3	3	0	0	0	0	0	0	0	0	0	0	0	0	0	0
54	7	58	21	0	234	35	423	342	5	0	0	3	0	0	0	629	35	3386	1577	1362	840	32	0	0	3037	1333	2430	68	0	0	44	42	18	15	1	0	0	0	0	0	0	0	41	0	0	30	0	0	0	0	0	0	0	0	0	36	0	0	0	0	0	0	0	0	0	0	0	0	0	0	0	0	0
59	9	72	36	0	274	84	537	568	8	0	0	4	0	0	0	680	126	3930	1988	2127	1960	62	0	0	3900	2152	4144	124	0	0	56	65	23	28	2	0	0	0	0	0	0	0	45	0	0	64	1	0	0	0	0	0	0	0	0	53	0	0	0	0	0	0	0	0	0	0	0	0	0	0	0	0	0
105	9	60	35	1	179	77	449	459	4	15	7	3	0	0	0	310	105	2562	1693	1348	1490	24	50	21	3235	1456	3368	51	54	104	50	34	27	20	0	0	0	0	0	0	0	0	35	92	44	29	2	0	0	0	0	0	0	1	0	38	0	2	1	0	0	0	0	0	0	0	0	0	0	0	0	0	0
162	6	46	15	0	178	20	330	218	6	0	0	6	0	0	0	469	15	2493	1148	809	412	57	0	0	2434	736	1528	79	0	0	32	81	35	24	1	0	0	0	0	0	0	0	28	0	0	28	0	0	0	0	0	0	0	0	0	26	0	0	0	0	0	0	1	0	0	0	0	0	0	0	0	0	0
174	10	80	45	0	283	120	609	700	11	0	0	10	0	0	0	591	210	4183	2228	2406	2720	71	0	0	4446	2643	5194	154	0	0	46	141	74	80	4	0	0	0	0	0	0	0	49	0	0	94	3	0	0	0	0	0	0	0	0	67	0	5	0	0	0	0	0	0	0	0	0	0	0	0	0	0	0
186	11	78	53	2	242	147	570	741	5	29	18	5	0	0	0	432	259	3447	2109	2268	3038	27	90	70	4151	2514	5278	72	101	258	44	60	32	42	0	0	0	0	1	0	0	0	49	213	124	45	1	0	0	0	0	0	0	2	1	68	3	3	3	0	0	0	0	0	0	0	0	0	0	0	0	0	0
246	8	76	27	1	337	50	561	507	12	13	6	6	0	0	0	926	55	4819	2100	2214	1389	102	36	15	3996	2290	3641	184	40	75	67	107	35	33	2	0	0	0	1	0	0	0	40	106	60	80	3	0	0	0	0	0	0	2	0	54	0	2	3	0	0	0	0	0	0	0	0	0	0	0	0	0	0
313	4	39	6	0	176	4	317	111	4	0	0	3	0	0	0	488	1	2747	1307	473	105	37	0	0	2340	495	874	60	0	0	37	53	31	6	0	0	0	0	1	0	0	0	31	0	0	11	0	0	0	0	0	0	0	0	0	7	0	1	0	0	0	0	0	0	0	0	0	0	0	0	0	0	0
74	7	55	20	1	205	30	420	311	5	11	5	4	0	0	0	491	25	3089	1612	1159	694	35	24	10	3111	1164	2330	90	30	51	40	47	25	16	0	0	0	0	0	0	0	0	40	80	40	29	1	0	0	0	0	0	0	1	0	30	0	0	4	0	0	0	0	0	0	0	0	0	0	0	0	0	0
138	10	77	44	1	281	112	593	663	7	12	8	8	1	0	0	672	182	4276	2202	2380	2479	53	30	28	4375	2411	4976	97	35	93	51	107	67	59	1	12	0	0	0	0	0	0	53	82	59	62	2	9	0	7	0	0	0	0	0	62	1	1	3	0	0	0	0	0	1	0	0	0	0	0	0	0	0
206	13	121	75	3	551	253	894	1355	15	61	33	17	1	0	0	1622	553	7859	3206	5989	6651	120	301	159	6169	5902	9705	230	284	658	97	290	137	168	4	22	0	0	5	2	0	0	68	411	287	164	3	5	0	11	0	0	0	8	3	154	6	7	13	1	0	0	0	0	0	0	0	0	0	0	0	0	0
242	10	67	45	0	213	120	496	587	8	0	0	8	0	0	0	427	210	3162	1856	1812	2287	66	0	0	3683	1832	4299	135	0	0	39	105	40	61	1	0	0	0	0	1	0	0	39	0	0	67	1	0	0	0	0	0	0	0	0	40	0	5	0	0	0	0	0	0	0	0	0	0	0	0	0	0	0
276	7	62	21	0	252	35	427	360	9	0	0	6	0	0	0	641	35	3276	1474	1416	870	60	0	0	3157	1501	2440	135	0	0	31	96	36	30	1	0	0	0	0	0	0	0	31	0	0	50	0	0	0	0	0	0	0	0	0	23	0	4	0	0	0	0	0	0	0	0	0	0	0	0	0	0	0
11	11	85	53	2	323	147	592	795	8	33	18	11	0	0	0	802	259	4488	2022	2947	3208	64	136	70	4352	2896	5423	136	114	291	54	143	68	90	1	0	0	0	2	1	0	0	49	222	131	75	2	0	0	0	0	0	0	2	1	64	4	3	6	0	0	0	0	0	0	0	0	0	0	0	0	0	0
17	12	86	64	2	291	200	638	886	5	28	20	15	1	0	0	646	406	4248	2333	2887	4006	27	86	88	4654	2938	6437	75	95	271	49	216	101	141	0	10	0	0	1	0	0	0	68	205	133	50	3	7	0	10	0	0	0	1	1	74	4	2	9	2	0	0	0	0	0	0	0	0	0	0	0	0	0
32	9	63	36	0	214	84	491	498	6	0	0	3	0	0	0	479	126	3305	1826	1673	1722	32	0	0	3542	1646	3791	96	0	0	45	39	24	21	2	0	0	0	0	0	0	0	38	0	0	47	0	0	0	0	0	0	0	0	0	44	0	1	0	0	0	0	0	0	0	0	0	0	0	0	0	0	0
49	9	69	35	1	249	77	526	521	10	19	7	6	0	0	0	551	105	3632	1961	1813	1675	74	79	21	3821	1851	3908	152	87	128	46	100	44	37	2	0	0	0	0	0	0	0	53	127	45	77	1	0	0	0	0	0	0	2	0	39	3	1	5	0	0	0	0	0	0	0	0	0	0	0	0	0	0
119	14	110	88	3	480	329	783	1324	6	62	34	21	1	1	0	1547	816	6760	2690	5553	7112	56	329	172	5490	4691	9216	85	312	695	88	325	134	225	0	27	10	11	3	3	0	0	73	433	235	73	0	6	15	10	0	0	0	3	2	116	8	2	14	0	0	0	0	0	2	0	0	0	0	0	0	0	0
137	5	34	10	0	107	10	259	134	3	0	0	1	0	0	0	204	5	1562	999	415	198	21	0	0	1916	427	1004	45	0	0	20	13	6	3	0	0	0	0	0	0	0	0	32	0	0	12	0	0	0	0	0	0	0	0	0	10	0	0	0	0	0	0	0	0	0	0	0	0	0	0	0	0	0
250	6	42	14	1	154	16	332	181	2	21	4	4	0	0	0	373	9	2346	1235	624	287	17	100	6	2461	527	1395	32	108	82	33	46	32	14	0	0	0	0	0	0	0	0	29	162	19	7	0	0	0	0	0	0	0	2	0	19	0	1	2	0	0	0	0	0	0	0	0	0	0	0	0	0	0
251	9	63	36	0	194	84	453	490	6	0	0	7	0	0	0	346	126	2699	1660	1454	1672	34	0	0	3333	1616	3468	96	0	0	39	96	47	43	1	0	0	0	1	2	0	0	47	0	0	46	0	0	0	0	0	0	0	0	0	30	0	2	0	0	0	0	0	0	0	0	0	0	0	0	0	0	0
305	7	55	21	0	198	35	420	324	7	0	0	3	0	0	0	427	35	2949	1514	1144	795	48	0	0	2976	1198	2408	106	0	0	36	44	22	15	2	0	0	0	0	0	0	0	30	0	0	40	0	0	0	0	0	0	0	0	0	33	0	2	0	0	0	0	0	0	0	0	0	0	0	0	0	0	0
327	6	46	14	1	157	16	319	202	7	16	4	6	0	0	0	308	9	2130	1071	652	329	46	55	6	2234	707	1357	91	62	60	25	76	47	17	1	0	0	0	1	1	0	0	28	108	26	33	0	0	0	0	0	0	0	2	0	17	1	0	4	0	0	0	0	0	0	0	0	0	0	0	0	0	0
12	4	30	6	0	99	4	206	90	1	0	0	0	0	0	0	189	1	1305	681	297	90	6	0	0	1574	329	606	15	0	0	18	0	0	0	0	0	0	0	0	0	0	0	16	0	0	3	0	0	0	0	0	0	0	0	0	6	0	0	0	0	0	0	0	0	0	0	0	0	0	0	0	0	0
25	10	56	45	0	146	120	439	496	4	0	0	4	0	0	0	239	210	2213	1694	1283	1952	23	0	0	3292	1318	3825	58	0	0	23	29	27	32	0	0	0	0	1	0	0	0	57	0	0	34	2	0	0	0	0	0	0	0	0	35	0	2	0	0	0	0	0	0	0	0	0	0	0	0	0	0	0
291	8	56	28	0	197	56	401	376	6	0	0	8	0	0	0	461	70	2781	1474	1258	1080	51	0	0	2905	1174	2597	119	0	0	27	113	74	48	1	0	0	0	4	0	0	0	32	0	0	38	0	0	0	0	0	0	0	0	0	30	0	2	0	0	0	0	1	0	0	0	0	0	0	0	0	0	0
339	7	46	21	0	171	35	387	270	2	0	0	3	0	0	0	483	35	2789	1583	978	660	19	0	0	2846	781	2209	37	0	0	39	46	27	15	0	0	0	0	1	0	0	0	38	0	0	11	1	0	0	0	0	0	0	0	0	29	0	1	0	0	0	0	0	0	0	0	0	0	0	0	0	0	0
13	6	50	14	1	212	16	363	219	2	21	4	4	1	0	0	585	9	2987	1383	876	358	12	99	6	2725	794	1569	38	110	81	44	64	18	10	0	21	0	0	0	1	0	0	37	154	24	9	1	11	0	4	0	0	0	1	0	17	0	0	3	0	0	0	0	0	0	0	0	0	0	0	0	0	0
170	5	37	10	0	145	10	299	142	4	0	0	3	0	0	0	385	5	2241	1148	552	204	31	0	0	2201	472	1111	64	0	0	36	26	29	9	0	0	0	0	1	0	0	0	23	0	0	15	3	0	0	0	0	0	0	0	0	13	0	1	0	0	0	0	0	0	0	0	0	0	0	0	0	0	0
279	11	82	55	0	303	165	663	786	12	0	0	17	0	0	0	735	330	4677	2734	2791	3399	94	0	0	4825	2670	6116	182	0	0	66	237	182	138	1	0	0	0	1	5	0	0	81	0	0	110	3	0	0	0	0	0	0	0	0	70	0	10	0	0	0	0	0	0	0	0	0	0	0	0	0	0	0
307	5	37	9	1	139	7	272	137	4	11	3	0	0	0	0	361	2	1996	973	530	163	30	26	3	2027	485	991	68	27	33	28	0	0	0	0	0	0	0	0	0	0	0	20	75	26	15	1	0	0	0	0	0	0	1	0	10	1	0	0	0	0	0	0	0	0	0	0	0	0	0	0	0	0
14	7	55	21	0	243	35	385	324	7	0	0	3	0	0	0	733	35	3238	1315	1400	795	70	0	0	2768	1146	2213	93	0	0	40	58	21	15	1	0	0	0	0	0	0	0	30	0	0	41	2	0	0	0	0	0	0	0	0	27	0	1	0	0	0	0	0	0	0	0	0	0	0	0	0	0	0
95	15	106	101	4	370	404	788	1383	7	53	50	23	1	1	0	885	1070	5381	2887	4696	8063	46	165	278	5612	4543	10036	112	177	637	63	299	157	245	0	10	10	12	5	11	0	0	57	424	336	92	1	4	12	12	0	0	0	6	5	119	6	0	18	0	0	0	0	1	1	0	0	0	0	0	0	0	0
109	3	22	3	0	77	1	173	44	3	0	0	0	0	0	0	168	0	1166	666	154	22	27	0	0	1228	148	340	51	0	0	15	0	0	0	0	0	0	0	0	0	0	0	18	0	0	6	1	0	0	0	0	0	0	0	0	3	0	0	0	0	0	0	0	0	0	0	0	0	0	0	0	0	0
122	9	67	35	1	251	77	497	505	6	13	7	9	0	0	0	625	105	3629	1878	1840	1616	44	40	21	3468	1743	3651	98	35	87	44	124	82	56	2	0	0	0	2	1	0	0	54	84	50	45	1	0	0	0	0	0	0	2	0	37	1	1	4	0	0	0	0	0	0	0	0	0	0	0	0	0	0
195	10	76	44	1	273	112	568	657	6	15	8	5	1	0	0	623	182	4032	2126	2321	2467	39	55	28	4189	2382	4797	88	48	119	45	64	37	37	1	15	0	0	1	0	0	0	55	120	57	53	1	7	0	7	0	0	0	0	0	51	2	1	1	0	0	0	0	0	1	0	0	0	0	0	0	0	0
212	6	43	15	0	144	20	293	209	3	0	0	3	0	0	0	298	15	1900	1017	674	406	21	0	0	2155	692	1393	49	0	0	26	44	21	12	0	0	0	0	1	0	0	0	20	0	0	15	1	0	0	0	0	0	0	0	0	15	0	0	0	0	0	0	0	0	0	0	0	0	0	0	0	0	0
295	5	35	10	0	112	10	276	140	1	0	0	0	0	0	0	220	5	1720	1100	448	210	6	0	0	2094	471	1082	19	0	0	29	0	0	0	0	0	0	0	0	0	0	0	31	0	0	4	0	0	0	0	0	0	0	0	0	11	0	0	0	0	0	0	0	0	0	0	0	0	0	0	0	0	0
334	14	84	90	1	235	352	609	1067	5	13	12	6	0	0	0	400	935	3321	2181	2951	6185	21	35	66	4474	3061	7607	64	42	154	36	69	43	70	1	0	0	0	0	0	0	0	62	88	69	64	0	0	0	0	0	0	0	1	0	68	0	0	2	0	0	0	0	0	0	0	0	0	0	0	0	0	0
15	8	52	27	1	182	50	386	352	1	8	6	2	0	0	0	426	55	2648	1492	1231	976	4	21	15	2849	1085	2555	10	6	48	37	22	8	12	0	0	0	0	0	0	0	0	40	76	44	6	0	0	0	0	0	0	0	0	0	26	1	1	0	0	0	0	0	0	0	0	0	0	0	0	0	0	0
21	4	23	6	0	67	4	161	69	1	0	0	0	0	0	0	124	1	929	563	201	69	5	0	0	1297	179	471	8	0	0	11	0	0	0	0	0	0	0	0	0	0	0	11	0	0	3	0	0	0	0	0	0	0	0	0	6	0	0	0	0	0	0	0	0	0	0	0	0	0	0	0	0	0
34	3	20	2	1	57	0	170	25	0	13	1	1	0	0	0	90	0	946	727	66	0	0	36	0	1215	76	210	0	42	12	15	12	6	0	0	0	0	0	0	0	0	0	16	114	6	0	0	0	0	0	0	0	0	0	0	2	0	0	1	0	0	0	0	0	0	0	0	0	0	0	0	0	0
140	9	78	35	1	382	77	570	597	12	7	7	10	0	0	0	1382	105	5538	2063	2824	1929	113	15	21	4192	2324	4281	189	6	48	78	207	65	66	2	0	0	0	5	1	0	0	50	50	70	91	3	0	0	0	0	0	0	0	0	47	0	5	1	0	0	0	0	0	0	0	0	0	0	0	0	0	0
165	7	44	20	1	119	30	363	249	3	11	5	2	0	0	0	182	25	1940	1504	672	556	15	24	10	2670	749	2001	37	28	53	20	18	17	8	0	0	0	0	0	0	0	0	38	89	31	17	1	0	0	0	0	0	0	1	0	25	2	0	2	0	0	0	0	0	0	0	0	0	0	0	0	0	0
224	10	76	45	0	282	120	559	668	9	0	0	8	0	0	0	660	210	4036	1983	2419	2608	69	0	0	4125	2373	4799	128	0	0	47	117	59	64	1	0	0	0	1	0	0	0	49	0	0	77	1	0	0	0	0	0	0	0	0	55	0	4	0	0	0	0	0	0	0	0	0	0	0	0	0	0	0
317	8	59	28	0	220	56	409	399	8	0	0	7	0	0	0	543	70	2993	1392	1449	1158	68	0	0	2979	1365	2736	105	0	0	31	91	45	39	1	0	0	0	0	1	0	0	30	0	0	53	0	0	0	0	0	0	0	0	0	17	0	3	0	0	0	0	0	0	0	0	0	0	0	0	0	0	0
16	11	95	53	2	390	148	728	888	12	38	16	12	0	1	0	988	266	5903	2864	3547	3615	99	159	56	5214	3565	6564	184	174	293	78	190	92	97	3	0	10	8	2	0	0	0	64	305	123	104	0	0	18	0	0	0	0	7	0	103	6	9	11	0	0	0	0	0	0	0	0	0	0	0	0	0	0
91	13	121	74	4	576	243	889	1330	12	80	42	20	1	1	0	1877	510	8270	3130	6130	6315	116	407	190	6224	5768	9468	173	334	821	105	355	147	195	4	18	12	10	1	1	0	0	63	550	367	129	1	7	12	11	0	0	0	9	5	146	22	6	21	0	0	0	0	1	0	0	0	0	0	0	0	0	0
113	9	58	36	0	184	84	492	462	5	0	0	1	0	0	0	406	126	3020	2015	1466	1610	25	0	0	3648	1421	3844	89	0	0	56	6	10	7	2	0	0	0	0	0	0	0	55	0	0	40	0	0	0	0	0	0	0	0	0	36	0	0	0	0	0	0	0	0	0	0	0	0	0	0	0	0	0
152	9	95	35	1	471	77	718	716	10	18	7	12	1	0	0	1453	105	6898	2579	3450	2292	102	71	21	5068	3550	5203	148	78	120	106	223	101	75	3	18	0	0	3	1	0	0	65	133	69	70	0	11	0	7	0	0	0	2	0	86	2	8	6	0	0	0	0	0	0	0	0	0	0	0	0	0	0
227	13	121	78	0	548	286	880	1392	18	0	0	30	0	0	0	1631	715	7668	3039	6114	7365	147	0	0	6202	6044	9835	272	0	0	80	452	216	291	5	0	0	0	5	13	0	0	73	0	0	195	2	0	0	0	0	0	0	0	0	137	0	19	0	0	0	0	1	0	0	0	0	0	0	0	0	0	0
230	11	90	52	3	410	138	676	832	11	42	27	13	0	0	0	1427	225	6050	2507	3714	3228	104	146	102	4907	3087	6105	169	150	369	81	236	93	108	2	0	0	0	2	0	0	0	60	290	219	97	1	0	0	0	0	0	0	4	3	81	4	9	9	0	0	0	0	0	0	0	0	0	0	0	0	0	0
238	11	84	54	1	329	156	638	802	8	22	9	8	0	0	0	860	294	4793	2398	3062	3384	69	111	36	4648	2843	5986	118	114	194	56	117	59	68	2	0	0	0	0	0	0	0	61	144	58	75	0	0	0	0	0	0	0	3	0	62	3	2	4	0	0	0	0	0	0	0	0	0	0	0	0	0	0
53	9	79	33	3	333	65	589	579	7	41	17	4	2	2	0	887	75	4865	2069	2449	1708	56	126	40	4360	2454	4229	113	131	228	68	64	31	21	2	25	12	10	0	0	0	0	52	271	155	55	1	14	28	11	0	0	0	1	0	55	6	0	6	0	1	1	0	0	0	0	0	0	1	0	0	0	0
64	10	78	44	1	299	112	594	670	10	16	8	8	0	0	0	727	182	4377	2174	2508	2499	82	63	28	4333	2448	4960	157	53	125	62	120	66	58	1	0	0	0	0	1	0	0	49	127	59	85	2	0	0	0	0	0	0	2	0	60	2	3	3	0	0	0	0	0	0	0	0	0	0	0	0	0	0
78	8	64	28	0	234	56	497	438	7	0	0	5	0	0	0	516	70	3499	1912	1563	1284	48	0	0	3699	1645	3317	113	0	0	41	75	33	30	0	0	0	0	0	0	0	0	37	0	0	45	1	0	0	0	0	0	0	0	0	46	0	4	0	0	0	0	0	0	0	0	0	0	0	0	0	0	0
84	6	55	14	1	240	16	401	251	5	18	4	2	1	0	0	639	9	3387	1349	1076	421	44	72	6	3056	1081	1798	63	79	71	48	34	16	7	2	18	0	0	0	0	0	0	26	113	34	25	1	6	0	4	0	0	0	0	0	23	2	0	1	0	0	0	0	0	0	0	0	0	0	0	0	0	0
114	8	72	28	0	316	56	513	490	9	0	0	7	0	0	0	900	70	4256	1792	2094	1428	81	0	0	3732	2059	3404	129	0	0	59	118	47	42	1	0	0	0	0	0	0	0	40	0	0	62	2	0	0	0	0	0	0	0	0	46	0	1	0	0	0	0	0	0	0	0	0	0	0	0	0	0	0
172	7	42	21	0	119	35	322	246	4	0	0	3	0	0	0	225	35	1777	1225	679	600	22	0	0	2450	683	1858	47	0	0	27	35	21	15	1	0	0	0	0	0	0	0	38	0	0	22	1	0	0	0	0	0	0	0	0	15	0	2	0	0	0	0	0	0	0	0	0	0	0	0	0	0	0
182	9	73	33	3	282	65	543	522	6	42	17	8	2	2	0	701	75	4105	1957	1974	1509	40	131	40	3978	1985	3805	92	142	228	48	123	59	43	1	26	12	10	1	0	0	0	45	293	129	46	2	12	29	11	0	0	0	2	0	50	2	0	12	0	1	1	0	0	0	0	0	0	1	0	0	0	0
274	14	119	91	0	479	364	871	1497	15	0	0	25	0	0	0	1225	1001	6837	3137	5817	8688	105	0	0	6149	5913	10638	227	0	0	89	402	172	294	3	0	0	0	4	2	0	0	79	0	0	178	6	0	0	0	0	0	0	0	0	162	0	17	0	0	0	0	0	0	0	0	0	0	0	0	0	0	0
294	6	51	15	0	202	20	380	241	6	0	0	7	0	0	0	504	15	3003	1366	907	454	38	0	0	2715	922	1729	82	0	0	38	101	53	28	0	0	0	0	1	0	0	0	25	0	0	25	1	0	0	0	0	0	0	0	0	30	0	5	0	0	0	0	0	0	0	0	0	0	0	0	0	0	0
18	6	61	15	0	326	20	476	297	11	0	0	4	0	0	0	1277	15	5035	1796	1544	578	102	0	0	3433	1369	2250	173	0	0	73	84	32	16	5	0	0	0	1	0	0	0	41	0	0	53	4	0	0	0	0	0	0	0	0	32	0	2	0	0	0	0	0	0	0	0	0	0	0	0	0	0	0
31	10	74	42	3	253	97	586	606	5	42	22	7	2	1	0	545	135	3912	2375	2034	2039	25	128	66	4420	2109	4677	80	141	308	63	88	80	50	0	25	7	7	1	1	0	0	62	281	160	40	0	11	12	14	0	0	0	1	2	59	6	3	2	1	0	0	0	0	0	0	0	0	1	0	0	0	0
98	20	166	187	3	663	1087	1173	2997	17	57	52	50	0	1	0	1663	4405	9064	3987	11595	25250	134	248	421	8069	11658	20675	243	258	954	109	746	333	833	2	0	10	17	4	11	0	0	108	368	389	305	2	0	16	0	0	0	0	6	2	275	8	12	32	0	0	0	0	2	0	0	0	0	0	0	0	0	0
103	9	74	36	0	290	84	571	574	8	0	0	9	0	0	0	714	126	4339	2194	2191	1949	63	0	0	4160	2217	4357	126	0	0	55	129	59	60	1	0	0	0	0	1	0	0	60	0	0	61	2	0	0	0	0	0	0	0	0	45	0	3	0	0	0	0	0	0	0	0	0	0	0	0	0	0	0
255	8	59	26	2	225	45	425	358	3	41	10	5	2	1	0	581	45	3157	1536	1276	879	27	188	20	3162	1137	2567	39	205	201	42	70	32	25	0	41	10	5	0	0	0	0	37	267	48	15	0	16	17	10	0	0	0	5	0	18	4	1	4	0	2	0	0	1	0	0	0	0	0	0	0	0	0
19	3	22	3	0	67	1	179	44	4	0	0	0	0	0	0	111	0	1068	739	134	22	20	0	0	1287	158	354	65	0	0	18	0	0	0	1	0	0	0	0	0	0	0	16	0	0	8	0	0	0	0	0	0	0	0	0	2	0	0	0	0	0	0	0	0	0	0	0	0	0	0	0	0	0
300	9	78	35	1	347	77	585	583	8	15	7	13	0	0	0	996	105	5057	2172	2484	1847	72	49	21	4206	2288	4300	150	51	100	75	243	90	83	3	0	0	0	0	1	0	0	56	102	58	56	0	0	0	0	0	0	0	2	0	44	3	4	5	0	0	0	1	0	0	0	0	0	0	0	0	0	0
301	7	44	20	1	152	30	317	242	4	20	5	1	0	0	0	372	25	2153	1097	797	528	35	96	10	2373	671	1733	52	90	99	28	19	11	4	1	0	0	0	0	0	0	0	28	129	23	21	1	0	0	0	0	0	0	3	0	8	1	0	1	0	0	0	0	0	0	0	0	0	0	0	0	0	0
20	3	26	3	0	110	1	212	52	6	0	0	0	0	0	0	306	0	1729	889	220	26	44	0	0	1519	206	418	110	0	0	27	0	0	0	2	0	0	0	0	0	0	0	14	0	0	12	1	0	0	0	0	0	0	0	0	3	0	0	0	0	0	0	0	0	0	0	0	0	0	0	0	0	0
326	6	45	14	1	169	16	361	203	4	18	4	2	0	0	0	390	9	2605	1439	749	339	28	68	6	2706	685	1582	52	79	70	36	28	20	6	0	0	0	0	0	0	0	0	28	138	25	15	0	0	0	0	0	0	0	4	0	20	2	1	2	0	0	0	0	0	0	0	0	0	0	0	0	0	0
200	3	12	3	0	19	1	102	24	0	0	0	0	0	0	0	15	0	316	413	38	12	0	0	0	802	46	202	0	0	0	6	0	0	0	0	0	0	0	0	0	0	0	9	0	0	0	0	0	0	0	0	0	0	0	0	1	0	0	0	0	0	0	0	0	0	0	0	0	0	0	0	0	0
256	6	45	15	0	171	20	332	219	6	0	0	3	0	0	0	435	15	2506	1163	805	426	47	0	0	2513	730	1555	90	0	0	28	48	23	12	0	0	0	0	1	0	0	0	36	0	0	29	0	0	0	0	0	0	0	0	0	29	0	1	0	0	0	0	0	0	0	0	0	0	0	0	0	0	0
22	10	67	43	2	207	104	486	559	4	28	16	8	0	0	0	397	155	2997	1743	1670	1971	20	89	54	3539	1749	3970	47	93	217	34	104	48	54	1	0	0	0	0	1	0	0	43	219	99	33	0	0	0	0	0	0	0	0	1	42	1	3	7	0	0	0	0	0	0	0	0	0	0	0	0	0	0
29	6	39	15	0	116	20	270	193	2	0	0	1	0	0	0	204	15	1575	902	567	382	14	0	0	2065	595	1315	27	0	0	20	13	4	4	0	0	0	0	0	0	0	0	26	0	0	9	0	0	0	0	0	0	0	0	0	13	0	1	0	0	0	0	0	0	0	0	0	0	0	0	0	0	0
56	7	60	20	1	234	30	423	332	3	16	5	6	0	0	0	563	25	3241	1476	1258	724	14	55	10	3076	1339	2273	42	63	76	25	89	42	26	1	0	0	0	1	0	0	0	42	114	40	16	0	0	0	0	0	0	0	1	0	32	1	1	4	0	0	0	0	0	0	0	0	0	0	0	0	0	0
63	10	79	44	1	304	112	608	684	10	13	8	7	0	0	0	758	182	4439	2210	2594	2566	96	37	28	4352	2540	5124	147	37	102	72	105	54	54	2	0	0	0	0	0	0	0	56	90	64	83	0	0	0	0	0	0	0	1	0	69	3	6	2	0	0	0	0	0	0	0	0	0	0	0	0	0	0
115	6	39	13	2	110	13	269	172	4	21	6	1	0	1	0	174	6	1463	912	493	261	26	45	6	2022	551	1175	53	54	61	22	12	5	2	0	0	5	3	0	0	0	0	19	142	44	20	0	0	11	0	0	0	0	0	0	8	1	0	2	0	0	0	0	0	0	0	0	0	0	0	0	0	0
134	7	53	21	0	205	35	355	306	9	0	0	6	0	0	0	509	35	2706	1302	1149	738	65	0	0	2698	1050	2036	137	0	0	34	81	23	27	3	0	0	0	0	1	0	0	18	0	0	48	1	0	0	0	0	0	0	0	0	21	0	6	0	0	0	0	0	0	0	0	0	0	0	0	0	0	0
260	11	98	54	1	461	156	744	940	9	14	9	13	0	0	0	1607	294	6858	2784	4358	3972	100	42	36	5263	3907	6942	131	48	123	93	204	105	114	1	0	0	0	3	0	0	0	87	83	81	84	1	0	0	0	0	0	0	1	0	100	0	5	3	0	0	0	0	0	0	0	0	0	0	0	0	0	0
268	8	51	27	1	156	50	391	336	6	17	6	2	0	0	0	300	55	2353	1474	1010	911	34	63	15	2848	996	2535	89	69	102	29	19	10	12	1	0	0	0	0	0	0	0	26	130	34	39	0	0	0	0	0	0	0	1	0	22	3	2	0	0	0	0	0	0	0	0	0	0	0	0	0	0	0
304	5	39	10	0	132	10	280	154	3	0	0	1	0	0	0	252	5	1842	1012	514	228	20	0	0	2020	576	1078	41	0	0	19	14	6	3	0	0	0	0	0	0	0	0	21	0	0	12	0	0	0	0	0	0	0	0	0	15	0	0	0	0	0	0	0	0	0	0	0	0	0	0	0	0	0
23	3	20	3	0	69	1	134	40	2	0	0	0	0	0	0	161	0	924	406	138	20	18	0	0	1026	119	268	23	0	0	14	0	0	0	0	0	0	0	0	0	0	0	7	0	0	4	1	0	0	0	0	0	0	0	0	0	0	0	0	0	0	0	0	0	0	0	0	0	0	0	0	0	0
147	6	38	15	0	115	20	304	188	2	0	0	1	0	0	0	208	15	1746	1234	563	372	12	0	0	2333	562	1481	32	0	0	20	12	9	4	0	0	0	0	0	0	0	0	31	0	0	9	1	0	0	0	0	0	0	0	0	10	0	1	0	0	0	0	0	0	0	0	0	0	0	0	0	0	0
190	12	79	64	2	246	200	566	820	4	23	20	12	1	0	0	464	406	3424	2038	2482	3743	28	59	88	4151	2543	5775	50	58	223	40	147	87	108	1	12	0	0	3	1	0	0	41	166	125	35	2	7	0	9	0	0	0	2	1	43	2	7	7	0	0	0	0	0	1	0	0	0	0	0	0	0	0
284	5	23	10	0	48	10	196	90	1	0	0	1	0	0	0	59	5	798	824	183	132	4	0	0	1400	190	762	12	0	0	11	9	7	3	0	0	0	0	0	0	0	0	18	0	0	4	0	0	0	0	0	0	0	0	0	4	0	0	0	0	0	0	0	0	0	0	0	0	0	0	0	0	0
66	4	24	6	0	69	4	215	70	2	0	0	1	0	0	0	139	1	1207	914	194	68	4	0	0	1642	186	619	32	0	0	13	13	8	2	1	0	0	0	0	0	0	0	21	0	0	6	1	0	0	0	0	0	0	0	0	5	0	0	0	0	0	0	0	0	0	0	0	0	0	0	0	0	0
101	8	60	28	0	220	56	510	400	6	0	0	10	0	0	0	529	70	3722	2193	1383	1143	32	0	0	3737	1341	3292	108	0	0	47	155	106	57	2	0	0	0	1	1	0	0	54	0	0	36	1	0	0	0	0	0	0	0	0	30	0	6	0	0	0	0	0	0	0	0	0	0	0	0	0	0	0
118	9	81	35	1	365	77	592	621	9	13	7	6	1	0	0	1053	105	5278	2023	2743	2022	81	48	21	4350	2629	4409	123	30	88	53	113	43	36	0	12	0	0	2	1	0	0	48	96	63	63	1	6	0	7	0	0	0	0	0	62	0	8	3	1	0	0	0	0	0	0	0	0	0	0	0	0	0
126	4	45	6	0	234	4	341	131	9	0	0	2	0	0	0	752	1	3462	1300	666	127	89	0	0	2526	693	973	156	0	0	40	36	10	4	2	0	0	0	0	0	0	0	27	0	0	25	1	0	0	0	0	0	0	0	0	14	0	2	0	0	0	0	0	0	0	0	0	0	0	0	0	0	0
241	11	79	53	2	256	147	563	745	7	31	18	7	0	0	0	497	259	3490	2065	2360	3040	33	107	70	4197	2543	5196	98	115	272	42	93	43	53	3	0	0	0	0	1	0	0	41	231	120	65	2	0	0	0	0	0	0	2	1	56	1	3	7	0	0	0	0	0	0	0	0	0	0	0	0	0	0
244	5	31	10	0	90	10	205	124	0	0	0	0	0	0	0	164	5	1156	643	360	186	0	0	0	1579	368	806	0	0	0	15	0	0	0	0	0	0	0	0	0	0	0	16	0	0	0	0	0	0	0	0	0	0	0	0	7	0	0	0	0	0	0	0	0	0	0	0	0	0	0	0	0	0
275	7	55	20	1	204	30	410	314	7	8	5	3	1	0	0	471	25	3104	1588	1156	702	52	13	10	3049	1174	2314	121	14	39	37	47	19	14	1	8	0	0	0	0	0	0	37	44	44	40	3	6	0	5	0	0	0	0	0	24	1	2	1	0	0	0	0	0	0	0	0	0	0	0	0	0	0
280	9	77	36	0	326	84	580	608	13	0	0	4	0	0	0	870	126	4692	2157	2552	2103	120	0	0	4218	2457	4457	180	0	0	50	56	24	25	5	0	0	0	0	1	0	0	43	0	0	99	0	0	0	0	0	0	0	0	0	65	0	5	0	0	0	0	0	0	0	0	0	0	0	0	0	0	0
310	7	69	21	0	303	35	491	402	9	0	0	6	0	0	0	785	35	4209	1773	1709	975	71	0	0	3586	1868	2775	134	0	0	50	109	37	30	2	0	0	0	0	0	0	0	44	0	0	49	1	0	0	0	0	0	0	0	0	46	0	5	0	0	0	0	0	0	0	0	0	0	0	0	0	0	0
318	6	48	15	0	179	20	373	238	2	0	0	1	0	0	0	420	15	2678	1418	879	472	15	0	0	2783	911	1807	32	0	0	36	16	10	4	0	0	0	0	0	0	0	0	32	0	0	10	1	0	0	0	0	0	0	0	0	19	0	0	0	0	0	0	0	0	0	0	0	0	0	0	0	0	0
38	9	80	33	3	337	63	554	573	6	55	21	5	1	0	0	897	66	4577	1964	2352	1604	53	242	57	4078	2389	3857	95	262	377	53	89	29	27	1	13	0	0	0	0	0	0	43	391	175	42	1	5	0	7	0	0	0	6	3	54	4	0	8	0	0	0	0	0	0	0	0	0	0	0	0	0	0
207	12	71	64	2	192	201	577	729	4	28	18	12	0	1	0	318	414	2924	2334	1889	3307	26	93	72	4297	2005	5816	49	85	245	37	130	100	110	1	0	9	9	0	1	0	0	59	220	97	41	0	0	10	0	0	0	0	0	0	49	5	3	7	0	0	0	0	0	0	0	0	0	0	0	0	0	0
233	8	44	26	2	109	45	319	278	5	28	10	1	0	1	0	157	45	1520	1158	673	706	26	83	20	2338	711	1975	82	94	139	20	7	5	5	0	0	8	5	0	0	0	0	26	210	47	31	0	0	12	0	0	0	0	4	0	17	2	0	1	0	0	0	0	0	0	0	0	0	0	0	0	0	0
303	3	24	3	0	82	1	160	46	5	0	0	1	0	0	0	158	0	1085	508	152	22	30	0	0	1147	175	310	50	0	0	16	12	4	1	2	0	0	0	0	0	0	0	16	0	0	10	0	0	0	0	0	0	0	0	0	1	0	0	0	0	0	0	0	0	0	0	0	0	0	0	0	0	0
27	7	40	21	0	100	35	324	232	0	0	0	4	0	0	0	141	35	1605	1318	557	563	0	0	0	2395	616	1866	0	0	0	20	43	22	17	0	0	0	0	0	1	0	0	34	0	0	0	0	0	0	0	0	0	0	0	0	17	0	0	0	0	0	0	0	0	0	0	0	0	0	0	0	0	0
82	8	72	28	0	348	56	531	492	6	0	0	6	0	0	0	1279	70	5161	1959	2341	1440	70	0	0	3973	2063	3556	115	0	0	70	93	43	36	1	0	0	0	1	0	0	0	47	0	0	41	0	0	0	0	0	0	0	0	0	37	0	1	0	0	0	0	0	0	0	0	0	0	0	0	0	0	0
90	7	47	21	0	143	35	339	268	1	0	0	7	0	0	0	259	35	1992	1195	784	635	6	0	0	2531	832	1886	19	0	0	17	70	50	35	0	0	0	0	2	0	0	0	27	0	0	6	0	0	0	0	0	0	0	0	0	24	0	0	0	0	0	0	0	0	0	0	0	0	0	0	0	0	0
97	8	65	28	0	252	56	468	447	9	0	0	4	0	0	0	620	70	3588	1705	1713	1317	86	0	0	3469	1723	3157	135	0	0	42	51	19	24	3	0	0	0	0	0	0	0	39	0	0	62	0	0	0	0	0	0	0	0	0	40	0	1	0	0	0	0	0	0	0	0	0	0	0	0	0	0	0
197	7	58	21	0	239	35	410	338	4	0	0	5	0	0	0	650	35	3295	1403	1372	820	35	0	0	3096	1319	2350	58	0	0	32	60	31	25	1	0	0	0	1	0	0	0	35	0	0	24	0	0	0	0	0	0	0	0	0	24	0	0	0	0	0	0	0	0	0	0	0	0	0	0	0	0	0
209	4	26	6	0	84	4	204	78	2	0	0	0	0	0	0	187	1	1295	756	252	78	12	0	0	1597	235	604	33	0	0	16	0	0	0	0	0	0	0	0	0	0	0	21	0	0	6	0	0	0	0	0	0	0	0	0	4	0	0	0	0	0	0	0	0	0	0	0	0	0	0	0	0	0
28	3	24	3	0	90	1	181	46	1	0	0	1	0	0	0	211	0	1309	629	169	22	3	0	0	1398	172	339	20	0	0	16	11	11	1	0	0	0	0	0	0	0	0	17	0	0	1	0	0	0	0	0	0	0	0	0	0	0	1	0	0	0	0	0	0	0	0	0	0	0	0	0	0	0
302	11	71	55	0	218	165	564	698	7	0	0	6	0	0	0	413	330	3380	2176	2101	3087	32	0	0	4148	2138	5449	110	0	0	46	79	59	54	1	0	0	0	0	0	0	0	52	0	0	69	2	0	0	0	0	0	0	0	0	36	0	1	0	0	0	0	0	0	0	0	0	0	0	0	0	0	0
50	8	60	28	0	217	56	461	414	6	0	0	3	0	0	0	522	70	3137	1749	1482	1224	38	0	0	3408	1480	3128	112	0	0	37	37	23	18	0	0	0	0	0	0	0	0	34	0	0	41	1	0	0	0	0	0	0	0	0	26	0	1	0	0	0	0	0	0	0	0	0	0	0	0	0	0	0
93	5	26	10	0	53	10	181	100	5	0	0	2	0	0	0	54	5	702	628	195	144	18	0	0	1363	240	676	75	0	0	6	17	17	6	1	0	0	0	0	0	0	0	15	0	0	18	1	0	0	0	0	0	0	0	0	6	0	2	0	0	0	0	0	0	0	0	0	0	0	0	0	0	0
61	8	63	27	1	266	50	497	425	9	12	6	2	0	0	0	784	55	3971	1973	1791	1176	79	37	15	3696	1576	3261	138	26	72	44	34	18	12	2	0	0	0	0	0	0	0	57	102	51	61	0	0	0	0	0	0	0	2	0	39	1	0	0	0	0	0	0	0	0	0	0	0	0	0	0	0	0
221	9	49	36	0	124	84	400	378	5	0	0	7	0	0	0	203	126	1931	1645	931	1277	24	0	0	2937	953	3039	77	0	0	20	61	56	46	0	0	0	0	0	1	0	0	55	0	0	37	1	0	0	0	0	0	0	0	0	23	0	3	0	0	0	0	0	0	0	0	0	0	0	0	0	0	0
237	4	32	5	1	115	2	247	80	1	14	2	1	0	0	0	248	0	1698	913	291	48	4	42	1	1809	313	586	17	47	27	19	12	10	1	0	0	0	0	0	0	0	0	28	121	17	2	0	0	0	0	0	0	0	1	0	6	1	0	1	0	0	0	0	0	0	0	0	0	0	0	0	0	0
247	10	75	44	1	279	112	598	655	10	8	8	6	0	0	0	657	182	4231	2321	2420	2475	80	15	28	4434	2320	5043	145	11	63	63	76	62	47	2	0	0	0	0	0	0	0	54	72	66	86	3	0	0	0	0	0	0	1	0	69	1	3	1	0	0	0	0	0	0	0	0	0	0	0	0	0	0
96	8	74	27	1	352	50	572	463	11	29	6	13	0	0	0	1214	55	5311	2153	1987	1206	89	203	15	4115	1806	3490	179	193	162	68	262	95	63	3	0	0	0	6	1	0	0	53	224	33	68	3	0	0	0	0	0	0	5	0	43	5	4	12	0	0	0	0	0	0	0	0	0	0	0	0	0	0
180	11	66	51	4	173	133	523	596	3	48	28	7	1	4	0	261	217	2690	2007	1522	2278	14	120	84	4020	1689	4614	45	143	326	36	78	68	50	0	10	23	28	0	1	0	0	44	378	154	28	0	10	48	7	0	0	0	2	0	39	2	0	10	0	2	0	0	0	0	0	0	0	0	1	0	0	0
243	9	68	34	2	247	71	527	501	6	27	12	6	2	1	0	562	90	3736	1993	1787	1527	36	77	30	3887	1772	3823	89	90	160	40	86	50	39	0	26	7	6	0	0	0	0	42	188	88	44	2	11	13	12	0	0	0	1	0	39	1	2	2	1	0	0	0	0	0	0	0	0	1	0	0	0	0
282	5	38	9	1	132	7	319	135	6	15	3	1	0	0	0	270	2	2126	1343	462	156	41	49	3	2401	476	1093	97	54	44	28	17	9	2	1	0	0	0	0	0	0	0	35	131	22	22	2	0	0	0	0	0	0	2	0	17	0	0	1	0	0	0	0	0	0	0	0	0	0	0	0	0	0
292	9	70	35	1	273	77	556	533	8	17	7	5	0	0	0	693	105	4199	2089	2040	1722	67	61	21	4058	1929	4146	124	71	117	58	81	47	33	2	0	0	0	1	0	0	0	54	118	51	59	4	0	0	0	0	0	0	3	0	43	1	2	2	0	0	0	0	0	0	0	0	0	0	0	0	0	0
42	5	47	10	0	197	10	346	184	4	0	0	2	0	0	0	484	5	2854	1210	755	270	33	0	0	2610	821	1316	63	0	0	28	33	10	6	0	0	0	0	0	0	0	0	38	0	0	16	0	0	0	0	0	0	0	0	0	24	0	0	0	0	0	0	0	0	0	0	0	0	0	0	0	0	0
157	9	69	36	0	243	84	518	544	2	0	0	4	0	0	0	521	126	3554	1965	1889	1876	17	0	0	3808	1992	3991	36	0	0	41	55	27	28	0	0	0	0	0	0	0	0	52	0	0	15	0	0	0	0	0	0	0	0	0	49	0	1	0	0	0	0	0	0	0	0	0	0	0	0	0	0	0
177	5	37	10	0	122	10	276	142	1	0	0	3	0	0	0	236	5	1778	961	450	204	5	0	0	2081	488	1030	21	0	0	22	38	23	9	0	0	0	0	0	0	0	0	36	0	0	4	0	0	0	0	0	0	0	0	0	14	0	0	0	0	0	0	0	0	0	0	0	0	0	0	0	0	0
331	13	114	78	0	474	286	803	1330	11	0	0	19	0	0	0	1246	715	6479	2747	5382	7112	88	0	0	5597	5481	9114	132	0	0	79	304	118	203	3	0	0	0	1	2	0	0	75	0	0	118	2	0	0	0	0	0	0	0	0	136	0	14	0	0	0	0	0	0	0	0	0	0	0	0	0	0	0
33	3	17	3	0	47	1	144	32	2	0	0	1	0	0	0	81	0	794	573	82	15	14	0	0	1062	73	266	32	0	0	17	12	10	1	0	0	0	0	0	0	0	0	16	0	0	4	2	0	0	0	0	0	0	0	0	1	0	0	0	0	0	0	0	0	0	0	0	0	0	0	0	0	0
211	6	45	15	0	188	20	327	215	6	0	0	5	0	0	0	517	15	2703	1239	867	413	54	0	0	2382	698	1529	84	0	0	44	73	33	17	0	0	0	0	0	1	0	0	36	0	0	30	1	0	0	0	0	0	0	0	0	20	0	0	0	0	0	0	0	0	0	0	0	0	0	0	0	0	0
218	4	22	6	0	55	4	154	66	3	0	0	0	0	0	0	77	1	747	503	165	66	12	0	0	1262	169	454	38	0	0	14	0	0	0	1	0	0	0	0	0	0	0	14	0	0	9	1	0	0	0	0	0	0	0	0	4	0	0	0	0	0	0	0	0	0	0	0	0	0	0	0	0	0
329	10	85	43	2	353	104	627	701	7	32	16	14	2	0	0	907	155	5173	2348	2812	2441	58	120	54	4570	2763	5035	112	116	246	63	206	103	97	1	31	0	0	4	1	0	0	51	241	123	57	1	13	0	15	0	0	0	1	1	61	4	4	10	1	0	0	0	0	1	0	0	0	0	0	0	0	0
45	8	59	28	0	211	56	416	403	4	0	0	5	0	0	0	466	70	2900	1471	1413	1179	24	0	0	3154	1396	2793	48	0	0	37	64	29	30	0	0	0	0	0	0	0	0	39	0	0	27	1	0	0	0	0	0	0	0	0	30	0	1	0	0	0	0	0	0	0	0	0	0	0	0	0	0	0
35	6	48	15	0	191	20	383	236	3	0	0	2	0	0	0	499	15	3048	1490	922	464	19	0	0	2836	870	1835	43	0	0	51	33	12	8	0	0	0	0	0	0	0	0	44	0	0	13	0	0	0	0	0	0	0	0	0	27	0	2	0	0	0	0	0	0	0	0	0	0	0	0	0	0	0
188	12	91	65	1	316	210	668	958	11	19	10	12	0	0	0	677	450	4466	2524	3229	4516	70	77	45	4944	3398	6846	154	87	185	51	168	91	112	1	0	0	0	1	1	0	0	49	126	67	109	4	0	0	0	0	0	0	4	0	90	3	8	5	0	0	0	0	0	0	0	0	0	0	0	0	0	0
189	5	31	10	0	86	10	228	120	0	0	0	2	0	0	0	144	5	1210	841	323	174	0	0	0	1788	343	864	0	0	0	16	21	11	6	0	0	0	0	0	0	0	0	19	0	0	0	0	0	0	0	0	0	0	0	0	13	0	0	0	0	0	0	0	0	0	0	0	0	0	0	0	0	0
196	8	54	28	0	176	56	424	372	3	0	0	3	0	0	0	355	70	2624	1628	1193	1098	22	0	0	3117	1178	2852	41	0	0	34	39	27	18	0	0	0	0	0	0	0	0	48	0	0	19	2	0	0	0	0	0	0	0	0	30	0	2	0	0	0	0	0	0	0	0	0	0	0	0	0	0	0
94	8	68	27	1	265	50	512	446	4	16	6	7	0	0	0	638	55	3877	1848	1695	1202	33	56	15	3829	1795	3284	63	62	93	52	104	51	39	0	0	0	0	0	0	0	0	47	116	49	27	0	0	0	0	0	0	0	1	0	40	1	0	3	0	0	0	0	0	0	0	0	0	0	0	0	0	0
135	11	72	54	1	206	156	596	695	7	13	9	6	0	0	0	335	294	3300	2362	1968	2960	35	35	36	4422	2173	5623	99	40	115	39	57	49	52	3	0	0	0	0	0	0	0	57	108	57	66	3	0	0	0	0	0	0	1	0	62	2	3	2	0	0	0	0	0	0	0	0	0	0	0	0	0	0
175	11	98	54	1	444	156	762	939	11	15	9	13	0	0	0	1489	294	6710	2841	4157	3967	97	46	36	5316	3903	7152	178	55	132	87	235	90	111	2	0	0	0	1	1	0	0	71	115	80	100	2	0	0	0	0	0	0	3	0	82	1	7	3	0	0	0	0	0	0	0	0	0	0	0	0	0	0
215	7	65	21	0	283	35	447	382	4	0	0	4	0	0	0	765	35	3738	1474	1639	935	31	0	0	3300	1696	2560	66	0	0	35	59	28	20	0	0	0	0	0	0	0	0	40	0	0	22	0	0	0	0	0	0	0	0	0	32	0	2	0	0	0	0	0	0	0	0	0	0	0	0	0	0	0
261	12	92	65	1	385	210	722	973	7	15	10	12	0	0	0	1296	450	5882	2702	3988	4602	73	50	45	5203	3441	7483	121	52	147	68	193	85	114	1	0	0	0	2	1	0	0	72	108	74	73	0	0	0	0	0	0	0	1	0	87	2	3	3	0	0	0	0	0	0	0	0	0	0	0	0	0	0
112	6	44	15	0	133	20	367	214	8	0	0	3	0	0	0	214	15	2182	1446	628	416	43	0	0	2757	747	1744	136	0	0	28	35	28	12	1	0	0	0	1	0	0	0	42	0	0	39	1	0	0	0	0	0	0	0	0	17	0	1	0	0	0	0	0	0	0	0	0	0	0	0	0	0	0
321	12	94	65	1	374	210	725	993	13	19	10	11	0	0	0	1006	450	5568	2737	3867	4697	97	79	45	5276	3622	7507	197	87	184	77	162	74	104	3	0	0	0	3	0	0	0	58	135	69	132	2	0	0	0	0	0	0	4	0	88	1	7	6	0	0	0	0	0	0	0	0	0	0	0	0	0	0
248	10	63	45	0	183	120	460	561	6	0	0	3	0	0	0	329	210	2608	1620	1616	2220	37	0	0	3332	1681	4009	105	0	0	37	31	17	24	0	0	0	0	0	0	0	0	38	0	0	53	1	0	0	0	0	0	0	0	0	48	0	1	0	0	0	0	0	0	0	0	0	0	0	0	0	0	0
259	10	73	43	2	258	104	576	604	4	37	16	8	0	0	0	602	155	3925	2302	2076	2105	22	161	54	4147	2049	4650	72	165	291	53	83	59	59	0	0	0	0	1	0	0	0	57	299	104	33	1	0	0	0	0	0	0	2	1	56	2	1	5	0	0	0	0	0	0	0	0	0	0	0	0	0	0
283	16	107	117	3	352	519	817	1540	9	41	40	12	0	1	0	769	1562	5314	2993	4996	10086	53	137	243	5839	4877	11497	133	132	540	82	143	89	157	0	0	4	13	2	0	0	0	90	303	254	122	2	0	15	0	0	0	0	6	2	130	5	7	11	0	0	0	0	0	0	0	0	0	0	0	0	0	0
68	13	113	76	2	516	265	828	1256	11	54	20	23	0	1	0	1612	615	7372	3064	5425	6268	94	361	90	5754	4899	8971	182	336	521	112	400	164	229	1	0	17	10	3	1	0	0	78	367	133	123	3	0	16	0	0	0	0	5	0	129	4	4	19	0	0	0	0	2	0	0	0	0	0	0	0	0	0
235	9	62	35	1	194	77	503	475	6	11	7	5	0	0	0	374	105	3138	2024	1460	1540	28	27	21	3797	1552	3766	88	28	76	58	59	52	34	2	0	0	0	3	0	0	0	51	73	50	47	1	0	0	0	0	0	0	0	0	40	0	1	1	0	0	0	0	0	0	0	0	0	0	0	0	0	0
269	9	80	36	0	332	84	631	626	9	0	0	7	0	0	0	839	126	5104	2488	2541	2142	71	0	0	4706	2610	4754	128	0	0	66	113	61	49	2	0	0	0	1	0	0	0	67	0	0	70	1	0	0	0	0	0	0	0	0	85	0	2	0	0	0	0	0	0	0	0	0	0	0	0	0	0	0
46	7	54	20	1	200	30	376	294	7	20	5	4	1	0	0	473	25	2649	1290	1027	636	57	90	10	2874	1016	2027	113	94	96	30	62	21	16	1	19	0	0	1	0	0	0	31	127	28	36	0	5	0	5	0	0	0	4	0	22	2	1	4	1	0	0	0	0	0	0	0	0	0	0	0	0	0
117	7	57	21	0	220	35	433	338	3	0	0	2	0	0	0	528	35	3220	1624	1288	835	25	0	0	3320	1304	2496	52	0	0	37	32	16	10	0	0	0	0	0	0	0	0	44	0	0	18	0	0	0	0	0	0	0	0	0	35	0	0	0	0	0	0	0	0	0	0	0	0	0	0	0	0	0
149	7	45	21	0	140	35	359	268	0	0	0	1	0	0	0	274	35	2170	1351	824	665	0	0	0	2722	810	2096	0	0	0	35	16	6	5	0	0	0	0	0	0	0	0	42	0	0	0	0	0	0	0	0	0	0	0	0	23	0	0	0	0	0	0	0	0	0	0	0	0	0	0	0	0	0
287	8	61	26	2	252	44	457	391	7	26	12	5	0	0	0	717	41	3645	1682	1591	975	69	98	28	3372	1394	2880	92	62	153	54	75	32	27	2	0	0	0	0	0	0	0	33	188	93	43	1	0	0	0	0	0	0	3	1	30	2	3	3	0	0	0	0	0	0	0	0	0	0	0	0	0	0
312	10	61	44	1	166	112	451	530	4	15	8	2	0	0	0	266	182	2378	1686	1425	1998	23	48	28	3490	1551	3846	61	52	120	41	21	15	16	0	0	0	0	0	0	0	0	37	115	46	33	1	0	0	0	0	0	0	3	0	32	2	0	0	0	0	0	0	0	0	0	0	0	0	0	0	0	0
311	9	62	36	0	210	84	500	486	5	0	0	5	0	0	0	457	126	3268	1994	1617	1666	43	0	0	3733	1564	3817	92	0	0	45	63	48	35	1	0	0	0	0	0	0	0	53	0	0	39	1	0	0	0	0	0	0	0	0	43	0	1	0	0	0	0	0	0	0	0	0	0	0	0	0	0	0
43	8	56	27	1	197	50	444	372	3	10	6	5	0	0	0	471	55	3070	1729	1286	1012	27	21	15	3274	1209	2884	55	24	59	40	68	40	29	1	0	0	0	2	0	0	0	50	87	45	18	1	0	0	0	0	0	0	0	0	27	0	3	1	0	0	0	0	0	0	0	0	0	0	0	0	0	0
257	6	45	15	0	148	20	348	221	3	0	0	2	0	0	0	283	15	2229	1317	716	434	18	0	0	2559	793	1669	47	0	0	29	24	16	8	0	0	0	0	0	0	0	0	29	0	0	14	0	0	0	0	0	0	0	0	0	19	0	1	0	0	0	0	0	0	0	0	0	0	0	0	0	0	0
289	8	65	27	1	264	50	505	439	6	10	6	3	0	0	0	723	55	4055	1954	1782	1216	42	21	15	3746	1694	3319	79	24	59	63	45	25	17	4	0	0	0	0	0	0	0	47	78	54	42	1	0	0	0	0	0	0	0	0	44	0	0	1	0	0	0	0	0	0	0	0	0	0	0	0	0	0
293	6	45	14	1	165	16	358	213	2	12	4	0	0	0	0	411	9	2382	1437	795	369	16	30	6	2679	759	1633	42	35	48	31	0	0	0	0	0	0	0	0	0	0	0	36	99	33	10	0	0	0	0	0	0	0	0	0	28	1	0	0	0	0	0	0	0	0	0	0	0	0	0	0	0	0
44	10	66	44	1	215	112	526	572	5	18	8	2	0	0	0	463	182	3249	2021	1831	2154	49	83	28	3894	1788	4471	78	64	143	41	21	17	15	3	0	0	0	0	0	0	0	50	129	47	40	0	0	0	0	0	0	0	5	0	49	1	0	1	0	0	0	0	0	0	0	0	0	0	0	0	0	0
77	7	55	21	0	187	35	404	324	9	0	0	3	0	0	0	362	35	2691	1480	1082	795	55	0	0	3026	1217	2321	127	0	0	27	40	23	15	0	0	0	0	0	0	0	0	36	0	0	53	0	0	0	0	0	0	0	0	0	28	0	1	0	0	0	0	0	0	0	0	0	0	0	0	0	0	0
168	4	34	6	0	133	4	268	98	1	0	0	2	0	0	0	318	1	2080	1052	367	94	7	0	0	2025	384	753	17	0	0	16	32	17	4	0	0	0	0	0	0	0	0	26	0	0	2	0	0	0	0	0	0	0	0	0	8	0	1	0	0	0	0	0	0	0	0	0	0	0	0	0	0	0
208	5	43	10	0	173	10	323	172	7	0	0	0	0	0	0	424	5	2465	1206	692	258	49	0	0	2439	708	1262	98	0	0	35	0	0	0	1	0	0	0	0	0	0	0	32	0	0	28	2	0	0	0	0	0	0	0	0	15	0	0	0	0	0	0	0	0	0	0	0	0	0	0	0	0	0
286	15	105	99	6	345	380	780	1353	5	91	72	13	0	3	0	706	943	5100	2815	4327	7612	35	328	378	5648	4469	9884	84	331	1067	56	171	97	145	0	0	24	32	2	0	0	0	63	602	471	62	1	0	43	0	0	0	0	4	10	105	13	4	23	0	0	2	0	1	0	0	0	0	0	0	0	0	0
76	10	82	45	0	341	120	629	720	8	0	0	9	0	0	0	915	210	5044	2442	2909	2808	71	0	0	4611	2725	5355	115	0	0	69	160	77	72	3	0	0	0	0	0	0	0	65	0	0	68	0	0	0	0	0	0	0	0	0	74	0	4	0	0	0	0	0	0	0	0	0	0	0	0	0	0	0
202	6	49	15	0	210	20	397	243	6	0	0	1	0	0	0	641	15	3116	1649	1036	482	53	0	0	2937	923	1905	91	0	0	36	14	18	4	1	0	0	0	0	0	0	0	39	0	0	30	1	0	0	0	0	0	0	0	0	22	0	0	0	0	0	0	0	0	0	0	0	0	0	0	0	0	0
297	9	62	36	0	210	84	442	490	3	0	0	3	0	0	0	445	126	2829	1510	1644	1694	18	0	0	3330	1610	3430	50	0	0	45	36	24	21	1	0	0	0	0	0	0	0	52	0	0	24	1	0	0	0	0	0	0	0	0	29	0	0	0	0	0	0	0	0	0	0	0	0	0	0	0	0	0
191	5	40	9	1	149	7	330	141	8	19	3	0	0	0	0	361	2	2339	1321	507	162	53	89	3	2405	533	1154	115	77	57	40	0	0	0	3	0	0	0	0	0	0	0	32	140	21	28	4	0	0	0	0	0	0	4	0	12	1	0	0	0	0	0	0	0	0	0	0	0	0	0	0	0	0
47	5	44	10	0	191	10	310	174	6	0	0	1	0	0	0	567	5	2635	1066	753	258	54	0	0	2333	722	1193	92	0	0	25	11	9	3	1	0	0	0	0	0	0	0	32	0	0	23	0	0	0	0	0	0	0	0	0	14	0	1	0	0	0	0	0	0	0	0	0	0	0	0	0	0	0
48	5	40	9	1	181	7	281	136	6	18	3	3	0	0	0	579	2	2451	953	597	150	55	70	3	2077	436	928	82	75	52	25	57	16	7	2	0	0	0	0	0	0	0	16	124	20	17	2	0	0	0	0	0	0	3	0	13	5	4	2	0	0	0	0	0	0	0	0	0	0	0	0	0	0
81	4	30	6	0	113	4	237	90	2	0	0	0	0	0	0	292	1	1698	909	339	90	8	0	0	1773	316	703	35	0	0	20	0	0	0	0	0	0	0	0	0	0	0	26	0	0	6	0	0	0	0	0	0	0	0	0	4	0	0	0	0	0	0	0	0	0	0	0	0	0	0	0	0	0
330	10	81	42	3	312	97	623	651	6	46	22	15	1	1	0	752	135	4737	2448	2419	2170	33	170	66	4543	2449	4869	90	160	317	61	196	121	90	1	15	9	7	4	4	0	0	47	327	162	43	2	11	14	7	0	0	0	2	2	65	4	9	18	0	1	0	0	0	0	0	0	0	0	0	0	0	0
52	9	72	34	2	277	71	512	534	4	30	12	6	0	1	0	690	90	3897	1782	2023	1642	27	102	30	3755	2024	3722	58	106	176	47	91	42	37	0	0	6	6	0	0	0	0	48	196	92	29	0	0	16	0	0	0	0	1	0	44	2	2	4	0	0	0	0	1	0	0	0	0	0	0	0	0	0
298	5	42	10	0	171	10	328	168	7	0	0	0	0	0	0	423	5	2618	1287	684	252	56	0	0	2485	659	1264	106	0	0	37	0	0	0	2	0	0	0	0	0	0	0	37	0	0	28	0	0	0	0	0	0	0	0	0	24	0	0	0	0	0	0	0	0	0	0	0	0	0	0	0	0	0
70	10	94	44	1	417	112	722	796	6	22	8	13	1	0	0	1158	182	6234	2781	3378	2935	55	107	28	5132	3459	5926	92	120	169	76	232	111	92	0	22	0	0	7	1	0	0	64	170	62	46	3	5	0	7	0	0	0	4	0	83	0	4	7	0	0	0	0	0	1	0	0	0	0	0	0	0	0
142	10	80	44	1	314	112	595	685	4	21	8	7	0	0	0	821	182	4576	2103	2630	2547	32	105	28	4297	2586	4988	71	104	165	74	91	54	53	1	0	0	0	0	0	0	0	60	152	56	34	1	0	0	0	0	0	0	1	0	53	0	1	3	0	0	0	0	0	0	0	0	0	0	0	0	0	0
205	6	59	14	1	283	16	462	267	3	22	4	3	0	0	0	865	9	4326	1741	1252	445	26	108	6	3351	1214	2034	49	115	86	57	55	21	10	0	0	0	0	0	0	0	0	44	158	35	12	1	0	0	0	0	0	0	3	0	33	5	0	2	0	0	0	0	0	0	0	0	0	0	0	0	0	0
51	7	52	20	1	183	30	374	289	5	19	5	2	0	0	0	412	25	2566	1314	988	634	34	86	10	2800	1007	2030	59	80	94	43	24	15	9	4	0	0	0	0	0	0	0	31	134	32	29	1	0	0	0	0	0	0	1	0	21	4	0	1	0	0	0	0	0	0	0	0	0	0	0	0	0	0
123	9	65	35	1	224	77	514	483	4	17	7	10	0	0	0	489	105	3416	2101	1577	1524	28	75	21	3863	1607	3724	64	59	115	46	140	98	63	0	0	0	0	0	1	0	0	44	122	44	29	1	0	0	0	0	0	0	1	0	33	1	2	4	0	0	0	0	0	0	0	0	0	0	0	0	0	0
148	7	56	21	0	195	35	457	330	5	0	0	3	0	0	0	389	35	3087	1884	1128	810	30	0	0	3277	1259	2623	98	0	0	40	42	24	15	0	0	0	0	0	0	0	0	51	0	0	29	1	0	0	0	0	0	0	0	0	35	0	1	0	0	0	0	0	0	0	0	0	0	0	0	0	0	0
262	6	44	15	0	138	20	322	208	4	0	0	6	0	0	0	245	15	2001	1223	614	392	19	0	0	2290	712	1508	55	0	0	28	74	41	24	1	0	0	0	1	0	0	0	42	0	0	20	0	0	0	0	0	0	0	0	0	10	0	0	0	0	0	0	0	0	0	0	0	0	0	0	0	0	0
306	8	63	28	0	247	56	425	429	8	0	0	6	0	0	0	649	70	3358	1469	1644	1251	58	0	0	3130	1574	2866	121	0	0	54	83	23	36	1	0	0	0	1	0	0	0	40	0	0	53	3	0	0	0	0	0	0	0	0	30	0	3	0	0	0	0	0	0	0	0	0	0	0	0	0	0	0
127	8	72	27	1	323	50	515	485	11	19	6	0	0	0	0	933	55	4452	1886	2175	1345	106	86	15	3837	2093	3407	158	82	114	54	0	0	0	5	0	0	0	0	0	0	0	34	104	53	76	0	0	0	0	0	0	0	1	0	45	2	0	0	0	0	0	0	0	0	0	0	0	0	0	0	0	0
129	9	68	36	0	309	84	512	532	5	0	0	6	0	0	0	1166	126	4592	1885	2361	1820	62	0	0	3719	1801	3926	85	0	0	66	107	41	42	1	0	0	0	2	0	0	0	52	0	0	36	0	0	0	0	0	0	0	0	0	42	0	4	0	0	0	0	0	0	0	0	0	0	0	0	0	0	0
150	8	38	26	2	79	45	296	243	0	17	10	3	0	1	0	91	45	1200	1095	501	621	0	31	20	2224	556	1865	0	33	82	20	21	22	15	0	0	3	5	0	0	0	0	35	141	45	0	0	0	11	0	0	0	0	0	0	11	0	0	3	0	0	0	0	0	0	0	0	0	0	0	0	0	0
201	5	37	10	0	121	10	285	144	3	0	0	2	0	0	0	228	5	1761	1032	463	210	22	0	0	2097	505	1070	46	0	0	32	21	21	6	1	0	0	0	0	0	0	0	28	0	0	12	1	0	0	0	0	0	0	0	0	14	0	0	0	0	0	0	0	0	0	0	0	0	0	0	0	0	0
55	6	37	15	0	98	20	262	183	5	0	0	1	0	0	0	149	15	1310	878	479	362	23	0	0	1971	543	1280	64	0	0	12	11	7	4	1	0	0	0	0	0	0	0	19	0	0	25	0	0	0	0	0	0	0	0	0	8	0	0	0	0	0	0	0	0	0	0	0	0	0	0	0	0	0
92	6	53	15	0	217	20	365	261	4	0	0	2	0	0	0	540	15	2916	1234	1050	514	31	0	0	2720	1100	1768	64	0	0	36	35	9	8	1	0	0	0	0	0	0	0	34	0	0	19	0	0	0	0	0	0	0	0	0	19	0	1	0	0	0	0	0	0	0	0	0	0	0	0	0	0	0
121	11	73	55	0	224	165	572	712	3	0	0	9	0	0	0	449	330	3454	2123	2137	3126	12	0	0	4096	2218	5430	48	0	0	52	103	75	78	0	0	0	0	0	1	0	0	51	0	0	28	0	0	0	0	0	0	0	0	0	69	0	2	0	0	0	0	0	0	0	0	0	0	0	0	0	0	0
57	6	57	15	0	265	20	464	281	6	0	0	2	0	0	0	796	15	4169	1819	1290	554	52	0	0	3363	1254	2225	85	0	0	55	35	15	8	2	0	0	0	0	0	0	0	53	0	0	27	1	0	0	0	0	0	0	0	0	31	0	3	0	0	0	0	0	0	0	0	0	0	0	0	0	0	0
164	13	99	75	3	367	255	785	1117	9	45	29	13	0	2	0	888	570	5605	3091	4052	5568	76	152	126	5649	3982	8601	143	154	426	80	200	118	132	1	0	13	18	0	0	0	0	68	338	209	98	2	0	32	0	0	0	0	3	0	109	10	7	11	0	0	1	0	0	0	0	0	0	0	0	0	0	0
236	8	63	27	1	240	50	467	421	6	8	6	5	1	0	0	591	55	3478	1672	1578	1150	43	13	15	3449	1559	3049	100	14	48	46	79	45	30	2	8	0	0	1	0	0	0	40	45	53	39	3	5	0	6	0	0	0	0	0	35	1	3	0	0	0	0	0	0	0	0	0	0	0	0	0	0	0
58	4	27	6	0	84	4	185	79	5	0	0	1	0	0	0	156	1	1082	638	241	77	30	0	0	1402	246	531	66	0	0	14	11	8	2	4	0	0	0	0	0	0	0	19	0	0	15	1	0	0	0	0	0	0	0	0	4	0	0	0	0	0	0	0	0	0	0	0	0	0	0	0	0	0
263	9	55	35	1	181	77	400	416	8	18	7	3	0	0	0	411	105	2575	1443	1330	1337	58	85	21	2948	1165	2981	121	64	125	45	33	21	20	2	0	0	0	0	0	0	0	27	116	36	60	0	0	0	0	0	0	0	3	0	29	1	1	1	0	0	0	0	0	0	0	0	0	0	0	0	0	0
72	7	61	19	2	247	26	433	317	6	41	8	4	0	1	0	626	19	3415	1509	1214	627	41	207	12	3253	1284	2218	81	190	159	32	55	22	15	1	0	13	4	3	0	0	0	30	264	61	28	1	0	15	0	0	0	0	4	0	29	5	4	5	0	0	0	0	0	0	0	0	0	0	0	0	0	0
155	6	40	14	1	123	16	306	184	1	14	4	1	0	0	0	224	9	1853	1086	560	310	7	42	6	2307	583	1397	15	48	56	20	13	7	4	0	0	0	0	0	0	0	0	31	97	26	5	1	0	0	0	0	0	0	0	0	10	1	0	0	0	0	0	0	0	0	0	0	0	0	0	0	0	0
161	8	68	28	0	257	56	506	458	5	0	0	9	0	0	0	566	70	3702	1806	1661	1320	37	0	0	3695	1822	3319	72	0	0	41	136	67	54	0	0	0	0	1	0	0	0	49	0	0	30	1	0	0	0	0	0	0	0	0	42	0	5	0	0	0	0	0	0	0	0	0	0	0	0	0	0	0
226	11	94	55	0	386	165	668	924	10	0	0	8	0	0	0	1000	330	5330	2427	3727	4086	69	0	0	4856	3750	6414	177	0	0	63	133	50	72	3	0	0	0	0	0	0	0	75	0	0	98	2	0	0	0	0	0	0	0	0	82	0	2	0	0	0	0	0	0	0	0	0	0	0	0	0	0	0
128	5	58	10	0	338	10	429	216	5	0	0	8	0	0	0	1355	5	4978	1554	1171	300	65	0	0	3151	1089	1536	83	0	0	70	173	59	24	2	0	0	0	4	0	0	0	43	0	0	18	0	0	0	0	0	0	0	0	0	30	0	2	0	0	0	0	0	0	0	0	0	0	0	0	0	0	0
169	7	69	21	0	329	35	492	388	8	0	0	13	0	0	0	979	35	4558	1742	1745	911	77	0	0	3617	1722	2698	111	0	0	55	213	84	59	2	0	0	0	8	2	0	0	52	0	0	44	1	0	0	0	0	0	0	0	0	41	0	4	0	0	0	0	0	0	0	0	0	0	0	0	0	0	0
181	6	57	14	1	255	16	432	262	3	19	4	2	0	0	0	712	9	3768	1633	1150	442	32	86	6	3226	1177	1907	41	81	75	51	39	13	7	0	0	0	0	0	0	0	0	46	149	37	14	0	0	0	0	0	0	0	1	0	36	3	0	1	0	0	0	0	0	0	0	0	0	0	0	0	0	0
316	8	72	28	0	312	56	531	494	3	0	0	5	0	0	0	845	70	4593	1940	2102	1452	26	0	0	3941	2104	3569	48	0	0	69	82	24	30	1	0	0	0	0	0	0	0	52	0	0	21	0	0	0	0	0	0	0	0	0	50	0	0	0	0	0	0	0	0	0	0	0	0	0	0	0	0	0
154	6	53	15	0	232	20	414	259	10	0	0	3	0	0	0	666	15	3472	1640	1106	506	96	0	0	3024	1046	1971	137	0	0	44	54	17	12	3	0	0	0	0	0	0	0	41	0	0	49	0	0	0	0	0	0	0	0	0	32	0	1	0	0	0	0	0	0	0	0	0	0	0	0	0	0	0
315	9	80	36	0	327	84	636	622	6	0	0	9	0	0	0	817	126	5050	2541	2475	2117	41	0	0	4655	2616	4806	86	0	0	67	141	83	60	0	0	0	0	0	1	0	0	70	0	0	42	2	0	0	0	0	0	0	0	0	55	0	6	0	0	0	0	0	0	0	0	0	0	0	0	0	0	0
277	8	73	26	2	328	45	526	463	8	28	10	10	0	1	0	947	45	4716	1942	2008	1169	75	105	20	3743	1970	3278	110	90	133	60	171	74	49	1	0	5	5	6	1	0	0	48	183	93	48	0	0	16	0	0	0	0	3	0	34	0	5	7	0	0	0	0	1	0	0	0	0	0	0	0	0	0
69	5	43	10	0	165	10	307	164	5	0	0	4	0	0	0	369	5	2308	1061	603	237	40	0	0	2251	658	1152	75	0	0	29	57	24	9	0	0	0	0	0	1	0	0	27	0	0	20	1	0	0	0	0	0	0	0	0	14	0	0	0	0	0	0	0	0	0	0	0	0	0	0	0	0	0
141	6	45	15	0	191	20	361	217	3	0	0	4	0	0	0	550	15	3099	1425	891	418	21	0	0	2701	705	1683	52	0	0	35	62	39	16	0	0	0	0	1	0	0	0	49	0	0	13	0	0	0	0	0	0	0	0	0	21	0	2	0	0	0	0	0	0	0	0	0	0	0	0	0	0	0
319	9	55	36	0	159	84	419	432	7	0	0	4	0	0	0	300	126	2364	1611	1223	1484	38	0	0	3173	1231	3239	90	0	0	28	49	23	28	1	0	0	0	0	0	0	0	45	0	0	53	0	0	0	0	0	0	0	0	0	32	0	3	0	0	0	0	0	0	0	0	0	0	0	0	0	0	0
322	5	46	10	0	192	10	374	172	4	0	0	6	0	0	0	481	5	3029	1449	670	240	33	0	0	2673	716	1356	73	0	0	24	98	52	18	1	0	0	0	0	0	0	0	43	0	0	14	0	0	0	0	0	0	0	0	0	17	0	2	0	0	0	0	0	0	0	0	0	0	0	0	0	0	0
338	7	63	20	1	263	30	471	353	7	19	5	3	0	0	0	665	25	3867	1765	1447	780	64	81	10	3530	1495	2535	118	85	93	53	50	25	13	1	0	0	0	0	0	0	0	40	144	42	37	2	0	0	0	0	0	0	2	0	44	3	3	2	0	0	0	0	0	0	0	0	0	0	0	0	0	0
324	9	55	34	2	167	70	398	407	4	25	14	4	0	0	0	364	85	2259	1397	1191	1230	14	90	40	2923	1146	2908	52	84	172	22	55	25	25	1	0	0	0	0	0	0	0	41	176	82	32	1	0	0	0	0	0	0	0	1	25	0	0	3	0	0	0	0	0	0	0	0	0	0	0	0	0	0
132	5	46	10	0	213	10	360	180	4	0	0	2	0	0	0	620	5	3301	1361	810	264	35	0	0	2575	763	1380	76	0	0	43	42	19	6	1	0	0	0	0	0	0	0	37	0	0	16	1	0	0	0	0	0	0	0	0	11	0	0	0	0	0	0	0	0	0	0	0	0	0	0	0	0	0
67	4	37	6	0	158	4	286	111	5	0	0	0	0	0	0	420	1	2411	1128	474	111	39	0	0	2092	489	830	90	0	0	36	0	0	0	2	0	0	0	0	0	0	0	24	0	0	15	1	0	0	0	0	0	0	0	0	14	0	0	0	0	0	0	0	0	0	0	0	0	0	0	0	0	0
104	8	63	28	0	261	56	503	423	6	0	0	9	0	0	0	694	70	4038	2028	1683	1218	52	0	0	3780	1481	3255	111	0	0	60	144	85	51	1	0	0	0	0	1	0	0	48	0	0	34	0	0	0	0	0	0	0	0	0	44	0	8	0	0	0	0	0	0	0	0	0	0	0	0	0	0	0
171	3	25	3	0	100	1	212	48	2	0	0	1	0	0	0	256	0	1659	872	185	23	18	0	0	1534	176	391	53	0	0	30	15	11	1	1	0	0	0	0	0	0	0	22	0	0	3	0	0	0	0	0	0	0	0	0	5	0	1	0	0	0	0	0	0	0	0	0	0	0	0	0	0	0
216	4	44	6	0	221	4	316	120	9	0	0	6	0	0	0	671	1	3132	1141	555	108	86	0	0	2251	590	858	152	0	0	47	104	35	12	3	0	0	0	2	0	0	0	23	0	0	23	1	0	0	0	0	0	0	0	0	8	0	4	0	0	0	0	0	0	0	0	0	0	0	0	0	0	0
229	12	96	66	0	417	220	706	1030	9	0	0	13	0	0	0	1232	495	5901	2565	4373	5020	82	0	0	5073	3824	7413	148	0	0	98	214	96	130	2	0	0	0	0	0	0	0	70	0	0	94	2	0	0	0	0	0	0	0	0	78	0	5	0	0	0	0	0	0	0	0	0	0	0	0	0	0	0
146	10	64	45	0	207	120	510	566	5	0	0	5	0	0	0	451	210	3146	2003	1799	2224	27	0	0	3778	1682	4404	76	0	0	38	64	41	40	1	0	0	0	0	0	0	0	46	0	0	43	0	0	0	0	0	0	0	0	0	51	0	2	0	0	0	0	0	0	0	0	0	0	0	0	0	0	0
309	9	59	35	1	178	77	405	447	4	11	7	7	0	0	0	325	105	2357	1338	1322	1431	25	27	21	2999	1389	3018	60	28	76	30	71	44	48	1	0	0	0	2	0	0	0	39	76	47	30	1	0	0	0	0	0	0	0	0	28	0	2	1	0	0	0	0	0	0	0	0	0	0	0	0	0	0
102	9	77	36	0	316	84	588	608	7	0	0	4	0	0	0	824	126	4735	2261	2469	2100	56	0	0	4219	2489	4532	126	0	0	75	59	36	28	1	0	0	0	0	0	0	0	59	0	0	54	2	0	0	0	0	0	0	0	0	49	0	2	0	0	0	0	0	0	0	0	0	0	0	0	0	0	0
231	13	105	77	1	410	275	799	1208	8	16	11	17	1	0	0	1028	660	6014	2917	4570	6281	62	60	55	5830	4559	8989	116	59	171	84	273	121	182	1	15	0	0	1	0	0	0	75	120	82	87	3	7	0	11	0	0	0	0	0	106	1	8	5	1	0	0	0	0	0	0	0	0	0	0	0	0	0
194	11	78	53	2	280	147	522	718	2	32	18	14	1	0	0	693	259	3653	1740	2467	2851	22	121	70	3810	2320	4738	28	125	281	41	193	89	114	0	19	0	0	0	1	0	0	29	204	114	16	0	2	0	8	0	0	0	2	1	46	1	2	7	0	0	0	0	0	1	0	0	0	0	0	0	0	0
239	3	24	3	0	84	1	164	48	1	0	0	0	0	0	0	170	0	1134	535	168	24	5	0	0	1225	189	324	16	0	0	9	0	0	0	0	0	0	0	0	0	0	0	10	0	0	2	0	0	0	0	0	0	0	0	0	2	0	0	0	0	0	0	0	0	0	0	0	0	0	0	0	0	0
245	4	30	5	1	101	2	220	75	3	15	2	0	0	0	0	202	0	1470	794	249	45	19	54	1	1640	276	535	46	44	30	18	0	0	0	0	0	0	0	0	0	0	0	19	103	15	8	1	0	0	0	0	0	0	1	0	5	6	0	0	0	0	0	0	0	0	0	0	0	0	0	0	0	0
323	7	54	19	2	216	25	423	285	4	31	10	3	1	0	0	608	16	3234	1586	1116	544	31	125	18	3096	1025	2176	70	97	153	32	38	19	13	0	17	0	0	0	0	0	0	46	245	73	21	1	10	0	5	0	0	0	2	1	26	3	1	2	0	0	0	0	0	0	0	0	0	0	0	0	0	0
73	3	27	3	0	120	1	189	54	1	0	0	0	0	0	0	351	0	1586	628	240	27	11	0	0	1395	226	370	13	0	0	18	0	0	0	0	0	0	0	0	0	0	0	17	0	0	2	0	0	0	0	0	0	0	0	0	4	0	0	0	0	0	0	0	0	0	0	0	0	0	0	0	0	0
184	7	48	21	0	152	35	387	282	3	0	0	3	0	0	0	296	35	2378	1510	872	690	15	0	0	2927	898	2204	54	0	0	44	40	27	15	0	0	0	0	0	0	0	0	48	0	0	18	1	0	0	0	0	0	0	0	0	32	0	0	0	0	0	0	0	0	0	0	0	0	0	0	0	0	0
204	12	123	66	0	632	220	934	1309	15	0	0	22	0	0	0	2223	495	9472	3478	6507	6340	143	0	0	6346	6197	9623	236	0	0	135	441	140	205	3	0	0	0	2	5	0	0	91	0	0	152	2	0	0	0	0	0	0	0	0	179	0	13	0	0	0	0	0	0	0	0	0	0	0	0	0	0	0
80	7	42	20	1	108	30	346	234	5	10	5	3	1	0	0	151	25	1768	1366	590	516	24	20	10	2546	657	1858	76	25	49	24	28	32	12	2	10	0	0	0	0	0	0	31	83	28	29	2	12	0	4	0	0	0	0	0	23	0	1	1	0	0	0	0	0	1	0	0	0	0	0	0	0	0
153	8	58	28	0	200	56	441	394	5	0	0	6	0	0	0	430	70	2914	1577	1330	1146	37	0	0	3308	1347	2936	67	0	0	37	70	51	36	2	0	0	0	0	0	0	0	48	0	0	34	0	0	0	0	0	0	0	0	0	24	0	1	0	0	0	0	0	0	0	0	0	0	0	0	0	0	0
166	7	48	21	0	149	35	377	282	4	0	0	3	0	0	0	269	35	2233	1422	854	690	24	0	0	2909	908	2172	71	0	0	27	40	22	15	0	0	0	0	0	0	0	0	31	0	0	22	0	0	0	0	0	0	0	0	0	22	0	2	0	0	0	0	0	0	0	0	0	0	0	0	0	0	0
335	6	50	15	0	198	20	438	244	3	0	0	3	0	0	0	497	15	3426	1937	943	476	23	0	0	3181	946	2078	56	0	0	36	47	28	12	1	0	0	0	0	0	0	0	53	0	0	15	0	0	0	0	0	0	0	0	0	28	0	0	0	0	0	0	0	0	0	0	0	0	0	0	0	0	0
308	14	114	89	2	438	340	893	1412	7	28	24	21	0	0	0	1060	870	6667	3461	5293	7886	50	91	130	6384	5404	10717	100	89	322	109	308	178	232	0	0	0	0	1	2	0	0	83	199	186	82	4	0	0	0	0	0	0	2	1	165	0	7	14	0	0	0	0	0	0	0	0	0	0	0	0	0	0
225	7	47	20	1	150	30	379	258	6	12	5	6	0	0	0	287	25	2364	1563	773	562	37	45	10	2803	787	2036	77	20	54	33	74	47	24	1	0	0	0	4	0	0	0	37	89	29	30	2	0	0	0	0	0	0	1	0	25	0	5	6	0	0	0	0	0	0	0	0	0	0	0	0	0	0
176	8	70	26	2	301	44	525	419	6	39	12	15	1	0	0	827	41	4418	1996	1669	982	54	169	28	3790	1590	3073	81	192	222	62	229	116	67	0	22	0	0	9	3	0	0	44	277	86	33	2	7	0	5	0	0	0	6	1	38	0	3	12	0	0	0	0	0	1	0	0	0	0	0	0	0	0
136	9	74	35	1	297	77	551	563	8	19	7	5	0	0	0	767	105	4347	1952	2194	1824	64	86	21	4113	2166	4087	110	82	128	48	94	44	30	4	0	0	0	1	0	0	0	52	142	50	60	2	0	0	0	0	0	0	1	0	42	2	3	5	0	0	0	0	0	0	0	0	0	0	0	0	0	0
151	8	74	28	0	379	56	558	502	10	0	0	8	0	0	0	1438	70	5683	2039	2492	1458	103	0	0	3947	2094	3700	148	0	0	86	159	55	48	2	0	0	0	1	0	0	0	48	0	0	68	0	0	0	0	0	0	0	0	0	47	0	2	0	0	0	0	0	0	0	0	0	0	0	0	0	0	0
193	5	28	10	0	70	10	199	108	0	0	0	2	0	0	0	104	5	999	688	260	156	0	0	0	1528	285	764	0	0	0	12	20	15	6	0	0	0	0	0	0	0	0	22	0	0	0	0	0	0	0	0	0	0	0	0	1	0	0	0	0	0	0	0	0	0	0	0	0	0	0	0	0	0
219	9	73	36	0	284	84	535	572	8	0	0	6	0	0	0	731	126	4060	1936	2186	1960	51	0	0	3866	2187	4085	125	0	0	65	84	41	42	1	0	0	0	1	0	0	0	50	0	0	63	2	0	0	0	0	0	0	0	0	56	0	1	0	0	0	0	0	0	0	0	0	0	0	0	0	0	0
158	6	47	15	0	172	20	318	223	3	0	0	6	0	0	0	382	15	2272	1066	765	422	22	0	0	2245	785	1478	48	0	0	27	93	37	24	0	0	0	0	1	0	0	0	21	0	0	13	1	0	0	0	0	0	0	0	0	18	0	2	0	0	0	0	0	0	0	0	0	0	0	0	0	0	0
107	8	72	28	0	308	56	548	490	10	0	0	7	0	0	0	818	70	4508	2168	2029	1428	91	0	0	3998	2036	3589	182	0	0	67	125	58	42	3	0	0	0	1	0	0	0	53	0	0	65	2	0	0	0	0	0	0	0	0	63	0	5	0	0	0	0	0	0	0	0	0	0	0	0	0	0	0
160	5	51	10	0	241	10	351	198	6	0	0	3	0	0	0	697	5	3287	1209	909	288	63	0	0	2715	954	1343	80	0	0	43	55	15	9	1	0	0	0	0	0	0	0	30	0	0	23	1	0	0	0	0	0	0	0	0	15	0	1	0	0	0	0	0	0	0	0	0	0	0	0	0	0	0
100	7	53	21	0	180	35	388	310	4	0	0	4	0	0	0	361	35	2523	1424	1026	755	20	0	0	2834	1106	2215	77	0	0	33	54	27	20	1	0	0	0	0	0	0	0	41	0	0	23	0	0	0	0	0	0	0	0	0	29	0	1	0	0	0	0	0	0	0	0	0	0	0	0	0	0	0
333	10	80	43	2	304	104	637	680	8	32	16	4	0	0	0	723	155	4636	2523	2558	2438	60	121	54	4604	2580	5281	130	133	253	57	57	30	29	2	0	0	0	0	0	0	0	67	245	125	67	1	0	0	0	0	0	0	4	1	66	7	1	3	0	0	0	0	0	0	0	0	0	0	0	0	0	0
143	4	45	6	0	265	4	376	129	6	0	0	3	0	0	0	1124	1	4291	1480	722	123	67	0	0	2704	624	1035	109	0	0	74	71	28	6	2	0	0	0	1	0	0	0	34	0	0	17	0	0	0	0	0	0	0	0	0	18	0	1	0	0	0	0	0	0	0	0	0	0	0	0	0	0	0
336	6	60	14	1	332	16	443	279	6	15	4	3	0	0	0	1350	9	4859	1585	1540	475	74	49	6	3137	1272	1991	96	51	58	64	69	24	10	1	0	0	0	1	0	0	0	36	107	43	27	0	0	0	0	0	0	0	2	0	31	3	1	2	0	0	0	0	0	0	0	0	0	0	0	0	0	0
337	4	31	6	0	118	4	240	89	0	0	0	2	0	0	0	288	1	1775	909	325	85	0	0	0	1849	312	668	0	0	0	25	29	22	4	0	0	0	0	0	0	0	0	25	0	0	0	0	0	0	0	0	0	0	0	0	4	0	0	0	0	0	0	0	0	0	0	0	0	0	0	0	0	0
124	5	38	10	0	132	10	268	148	4	0	0	2	0	0	0	281	5	1766	887	504	216	25	0	0	2023	523	1007	56	0	0	22	24	15	6	1	0	0	0	0	0	0	0	22	0	0	15	0	0	0	0	0	0	0	0	0	17	0	1	0	0	0	0	0	0	0	0	0	0	0	0	0	0	0
199	8	63	28	0	251	56	527	423	2	0	0	9	0	0	0	657	70	4103	2172	1625	1215	12	0	0	3866	1516	3433	31	0	0	63	128	86	54	0	0	0	0	2	0	0	0	66	0	0	12	1	0	0	0	0	0	0	0	0	41	0	2	0	0	0	0	0	0	0	0	0	0	0	0	0	0	0
130	2	16	1	0	55	0	133	14	2	0	0	1	0	0	0	105	0	867	568	42	0	14	0	0	1044	43	102	41	0	0	16	13	10	0	0	0	0	0	0	0	0	0	8	0	0	1	1	0	0	0	0	0	0	0	0	5	0	1	0	0	0	0	0	0	0	0	0	0	0	0	0	0	0
288	6	48	15	0	177	20	381	232	8	0	0	4	0	0	0	400	15	2742	1496	827	448	57	0	0	2875	857	1784	130	0	0	34	58	37	16	4	0	0	0	0	0	0	0	32	0	0	39	2	0	0	0	0	0	0	0	0	23	0	1	0	0	0	0	0	0	0	0	0	0	0	0	0	0	0
213	3	29	3	0	131	1	210	56	3	0	0	1	0	0	0	376	0	1791	702	243	27	21	0	0	1554	247	392	40	0	0	20	19	9	1	1	0	0	0	0	0	0	0	18	0	0	6	2	0	0	0	0	0	0	0	0	5	0	0	0	0	0	0	0	0	0	0	0	0	0	0	0	0	0
314	6	38	15	0	116	20	255	188	4	0	0	1	0	0	0	214	15	1474	824	568	372	20	0	0	1852	555	1230	64	0	0	15	12	8	4	1	0	0	0	0	0	0	0	20	0	0	19	2	0	0	0	0	0	0	0	0	14	0	1	0	0	0	0	0	0	0	0	0	0	0	0	0	0	0
111	4	36	6	0	155	4	282	104	6	0	0	2	0	0	0	421	1	2320	1089	433	100	66	0	0	2058	425	804	91	0	0	26	32	11	4	3	0	0	0	0	0	0	0	24	0	0	18	0	0	0	0	0	0	0	0	0	10	0	0	0	0	0	0	0	0	0	0	0	0	0	0	0	0	0
163	6	62	15	0	292	20	483	294	9	0	0	8	0	0	0	833	15	4483	1938	1319	559	82	0	0	3563	1387	2148	149	0	0	51	137	84	29	1	0	0	0	2	1	0	0	35	0	0	38	0	0	0	0	0	0	0	0	0	47	0	5	0	0	0	0	1	0	0	0	0	0	0	0	0	0	0
267	8	58	27	1	189	50	452	383	4	13	6	5	0	0	0	359	55	2801	1784	1219	1044	26	40	15	3335	1308	2864	56	34	75	42	62	47	24	0	0	0	0	1	1	0	0	46	108	42	26	0	0	0	0	0	0	0	2	0	47	2	0	3	0	0	0	0	0	0	0	0	0	0	0	0	0	0
116	5	47	10	0	213	10	380	166	8	0	0	11	0	0	0	628	5	3282	1399	666	222	66	0	0	2784	642	1285	125	0	0	43	174	100	27	1	0	0	0	6	2	0	0	34	0	0	25	1	0	0	0	0	0	0	0	0	14	0	7	0	0	0	0	0	0	0	0	0	0	0	0	0	0	0
228	6	59	15	0	266	20	428	287	9	0	0	4	0	0	0	735	15	3889	1534	1261	558	62	0	0	3067	1332	2039	107	0	0	50	67	22	16	4	0	0	0	1	0	0	0	30	0	0	40	3	0	0	0	0	0	0	0	0	26	0	5	0	0	0	0	0	0	0	0	0	0	0	0	0	0	0
328	11	87	54	1	333	156	626	832	7	22	9	8	0	0	0	804	294	4572	2230	3099	3518	63	111	36	4567	3079	5843	93	115	193	68	120	59	67	1	0	0	0	0	0	0	0	47	142	60	66	1	0	0	0	0	0	0	3	0	76	2	1	5	0	0	0	0	0	0	0	0	0	0	0	0	0	0
223	6	55	15	0	222	20	417	267	9	0	0	4	0	0	0	527	15	3279	1540	1045	518	60	0	0	3189	1158	1985	134	0	0	36	65	24	16	5	0	0	0	0	0	0	0	37	0	0	43	2	0	0	0	0	0	0	0	0	25	0	2	0	0	0	0	0	0	0	0	0	0	0	0	0	0	0
145	9	66	36	0	235	84	503	522	5	0	0	3	0	0	0	537	126	3518	1850	1833	1806	36	0	0	3741	1802	3887	80	0	0	37	47	16	21	1	0	0	0	0	0	0	0	43	0	0	39	0	0	0	0	0	0	0	0	0	52	0	1	0	0	0	0	0	0	0	0	0	0	0	0	0	0	0
156	5	40	10	0	158	10	306	156	5	0	0	2	0	0	0	370	5	2391	1149	599	228	38	0	0	2222	573	1172	88	0	0	30	33	18	6	0	0	0	0	0	0	0	0	18	0	0	18	2	0	0	0	0	0	0	0	0	7	0	2	0	0	0	0	0	0	0	0	0	0	0	0	0	0	0
254	10	87	45	0	362	120	641	751	10	0	0	16	0	0	0	936	210	5206	2309	2987	2879	71	0	0	4631	2998	5408	128	0	0	47	267	101	125	6	0	0	0	2	1	0	0	52	0	0	81	1	0	0	0	0	0	0	0	0	75	0	9	0	0	0	0	0	0	0	0	0	0	0	0	0	0	0
144	11	80	52	3	274	138	608	739	4	37	27	12	0	0	0	595	225	4023	2398	2479	2874	23	103	102	4421	2526	5424	71	107	323	58	154	109	92	0	0	0	0	2	2	0	0	50	281	193	36	1	0	0	0	0	0	0	3	3	77	1	1	10	0	0	0	0	0	0	0	0	0	0	0	0	0	0
271	5	41	10	0	148	10	311	162	4	0	0	1	0	0	0	306	5	2204	1109	578	240	30	0	0	2325	636	1201	62	0	0	19	14	5	3	0	0	0	0	0	0	0	0	33	0	0	15	0	0	0	0	0	0	0	0	0	16	0	1	0	0	0	0	0	0	0	0	0	0	0	0	0	0	0
332	9	71	36	0	279	84	498	556	7	0	0	6	0	0	0	747	126	3752	1707	2161	1904	63	0	0	3776	2080	3809	99	0	0	33	71	46	42	2	0	0	0	0	0	0	0	41	0	0	55	0	0	0	0	0	0	0	0	0	41	0	1	0	0	0	0	0	0	0	0	0	0	0	0	0	0	0
159	2	12	1	0	33	0	85	12	1	0	0	0	0	0	0	54	0	443	297	33	0	6	0	0	632	32	85	18	0	0	5	0	0	0	0	0	0	0	0	0	0	0	10	0	0	1	0	0	0	0	0	0	0	0	0	0	0	0	0	0	0	0	0	0	0	0	0	0	0	0	0	0	0
240	5	32	10	0	116	10	244	124	2	0	0	2	0	0	0	291	5	1688	903	438	180	8	0	0	1727	345	933	40	0	0	19	26	17	6	1	0	0	0	0	0	0	0	22	0	0	7	2	0	0	0	0	0	0	0	0	4	0	1	0	0	0	0	0	0	0	0	0	0	0	0	0	0	0
232	5	49	10	0	244	10	329	192	6	0	0	2	0	0	0	787	5	3315	1086	947	282	67	0	0	2501	879	1263	85	0	0	37	29	11	6	1	0	0	0	0	0	0	0	27	0	0	23	1	0	0	0	0	0	0	0	0	15	0	1	0	0	0	0	0	0	0	0	0	0	0	0	0	0	0
